1.438004600000000011e+01 8.366293699999999944e+01 1.314573829999999930e+02
1.422556411918412955e+01 8.372118739350329975e+01 1.302599039697039700e+02
1.406842983967410987e+01 8.378043792544899304e+01 1.291202723756685202e+02
1.390864316146994817e+01 8.384068859583713618e+01 1.280384882178937289e+02
1.374620408457164444e+01 8.390193940466771494e+01 1.270145514963796103e+02
1.358111260897919870e+01 8.396419035194068670e+01 1.260484622111260933e+02
1.341336873469260382e+01 8.402744143765609408e+01 1.251402203621331779e+02
1.324297246171186337e+01 8.409169266181389446e+01 1.242898259494009068e+02
1.306992379003698446e+01 8.415694402441414468e+01 1.234972789729292799e+02
1.289422271966796174e+01 8.422319552545683052e+01 1.227625794327182973e+02
1.271586925060478990e+01 8.429044716494189515e+01 1.220857273287679021e+02
1.253486338284747781e+01 8.435869894286942383e+01 1.214667226610781512e+02
1.235120511639601837e+01 8.442795085923934550e+01 1.209055654296490303e+02
1.216489445125041691e+01 8.449820291405170281e+01 1.204022556344805537e+02
1.197593138741067165e+01 8.456945510730646731e+01 1.199567932755726787e+02
1.178431592487678081e+01 8.464170743900366745e+01 1.195691783529254764e+02
1.159004806364874618e+01 8.471495990914327479e+01 1.192394108665388615e+02
1.139312780372656952e+01 8.478921251772531775e+01 1.189674908164129050e+02
1.119355514511024730e+01 8.486446526474976793e+01 1.187534182025475644e+02
1.099133008779978127e+01 8.494071815021665373e+01 1.185971930249428539e+02
1.654353421512383804e+01 8.565091239730905670e+01 1.302201378437987955e+02
1.626560228680325437e+01 8.567039806059172236e+01 1.292084036476659321e+02
1.598608269892633338e+01 8.568356547182737870e+01 1.282411139246772791e+02
1.570497545149308216e+01 8.569041463101603995e+01 1.273182686748329360e+02
1.542228054450349894e+01 8.569094553815774873e+01 1.264398678981328743e+02
1.513799797795758728e+01 8.568515819325244820e+01 1.256059115945770657e+02
1.485212775185533651e+01 8.567305259630013836e+01 1.248163997641654817e+02
1.456466986619675374e+01 8.565462874730081921e+01 1.240713324068981649e+02
1.427562432098184431e+01 8.562988664625454760e+01 1.233707095227751296e+02
1.398499111621060109e+01 8.559882629316129510e+01 1.227145311117963757e+02
1.369277025188302410e+01 8.556144768802100486e+01 1.221027971739618323e+02
1.339896172799911866e+01 8.551775083083374795e+01 1.215355077092715561e+02
1.310356554455887590e+01 8.546773572159948174e+01 1.210126627177255472e+02
1.280658170156230469e+01 8.541140236031824884e+01 1.205342621993238197e+02
1.250801019900939970e+01 8.534875074699000663e+01 1.201003061540663310e+02
1.220785103690016626e+01 8.527978088161478354e+01 1.197107945819531380e+02
1.190610421523459550e+01 8.520449276419255114e+01 1.193657274829841697e+02
1.160276973401269629e+01 8.512288639472333784e+01 1.190651048571594686e+02
1.129784759323446330e+01 8.503496177320712945e+01 1.188089267044790347e+02
1.099133779289989832e+01 8.494071889964392597e+01 1.185971930249428681e+02
1.835998169928104673e+01 8.762713812425606363e+01 1.289397031254367505e+02
1.798257502561895294e+01 8.759135741323748903e+01 1.281121199646078992e+02
1.760401096927336084e+01 8.754384228550529201e+01 1.273160079731079435e+02
1.722428953024426690e+01 8.748459274105941574e+01 1.265513671509370255e+02
1.684341070853168176e+01 8.741360877989994549e+01 1.258181974980950883e+02
1.646137450413559833e+01 8.733089040202682440e+01 1.251164990145821321e+02
1.607818091705600949e+01 8.723643760744005249e+01 1.244462717003981140e+02
1.569382994729292058e+01 8.713025039613964395e+01 1.238075155555430769e+02
1.530832159484633692e+01 8.701232876812559880e+01 1.232002305800170205e+02
1.492165585971625674e+01 8.688267272339790281e+01 1.226244167738199735e+02
1.453383274190267294e+01 8.674128226195654179e+01 1.220800741369518647e+02
1.414485224140559261e+01 8.658815738380158678e+01 1.215672026694127368e+02
1.375471435822501221e+01 8.642329808893296672e+01 1.210858023712025897e+02
1.336341909236093173e+01 8.624670437735071005e+01 1.206358732423214093e+02
1.297096644381335473e+01 8.605837624905480254e+01 1.202174152827692097e+02
1.257735641258227588e+01 8.585831370404525842e+01 1.198304284925460195e+02
1.218258899866770051e+01 8.564651674232207768e+01 1.194749128716517390e+02
1.178666420206962684e+01 8.542298536388527452e+01 1.191508684200864820e+02
1.138958202278805310e+01 8.518771956873480633e+01 1.188582951378501633e+02
1.099134246082297928e+01 8.494071935687070152e+01 1.185971930249428681e+02
1.982938845247161908e+01 8.959161418084104866e+01 1.276160788449139005e+02
1.937648233563123412e+01 8.948406545144067081e+01 1.269710529205298712e+02
1.892221465071520115e+01 8.936126836648276139e+01 1.263449545209605560e+02
1.846658539772352015e+01 8.922322292596730620e+01 1.257377836462060401e+02
1.800959457665620533e+01 8.906992912989436206e+01 1.251495402962663377e+02
1.755124218751323895e+01 8.890138697826390057e+01 1.245802244711413636e+02
1.709152823029462454e+01 8.871759647107586488e+01 1.240298361708311461e+02
1.663045270500036921e+01 8.851855760833034026e+01 1.234983753953357137e+02
1.616801561163047296e+01 8.830427039002728407e+01 1.229858421446550665e+02
1.570421695018493047e+01 8.807473481616669631e+01 1.224922364187892185e+02
1.523905672066373995e+01 8.782995088674859119e+01 1.220175582177380846e+02
1.477253492306690674e+01 8.756991860177296871e+01 1.215618075415017501e+02
1.430465155739442906e+01 8.729463796123980046e+01 1.211249843900801864e+02
1.383540662364630336e+01 8.700410896514912906e+01 1.207070887634733793e+02
1.336480012182253851e+01 8.669833161350091189e+01 1.203081206616813716e+02
1.289283205192312565e+01 8.637730590629519156e+01 1.199280800847041633e+02
1.241950241394806831e+01 8.604103184353192546e+01 1.195669670325416547e+02
1.194481120789736650e+01 8.568950942521115621e+01 1.192247815051939597e+02
1.146875843377102022e+01 8.532273865133285540e+01 1.189015235026610355e+02
1.099134409156902947e+01 8.494071952189702301e+01 1.185971930249428681e+02
2.095175447469555152e+01 9.154434056706398337e+01 1.262492650022302172e+02
2.044732421684008017e+01 9.134852217520119666e+01 1.257852025154318198e+02
1.994069374325183830e+01 9.113584371475974422e+01 1.253279535682350314e+02
1.943186305393082591e+01 9.090630518573964025e+01 1.248775181606399087e+02
1.892083214887704656e+01 9.065990658814091319e+01 1.244338962926464660e+02
1.840760102809050380e+01 9.039664792196357723e+01 1.239970879642546890e+02
1.789216969157118342e+01 9.011652918720756134e+01 1.235670931754645210e+02
1.737453813931909252e+01 8.981955038387289392e+01 1.231439119262759903e+02
1.685470637133423821e+01 8.950571151195958919e+01 1.227275442166891537e+02
1.633267438761661339e+01 8.917501257146766136e+01 1.223179900467039829e+02
1.580844218816621627e+01 8.882745356239705359e+01 1.219152494163204210e+02
1.528200977298305219e+01 8.846303448474783693e+01 1.215193223255385249e+02
1.475337714206711937e+01 8.808175533851996875e+01 1.211302087743582945e+02
1.422254429541841247e+01 8.768361612371343483e+01 1.207479087627796730e+02
1.368951123303694217e+01 8.726861684032827782e+01 1.203724222908027457e+02
1.315427795492270135e+01 8.683675748836446928e+01 1.200037493584274841e+02
1.261684446107569002e+01 8.638803806782203765e+01 1.196418899656538457e+02
1.207721075149590817e+01 8.592245857870095449e+01 1.192868441124818730e+02
1.153537682618335936e+01 8.544001902100120560e+01 1.189386117989115235e+02
1.099134268513804180e+01 8.494071939472284782e+01 1.185971930249428539e+02
2.172707976595285118e+01 9.348531728292488197e+01 1.248392615973857147e+02
2.119510066924550884e+01 9.318472758451909499e+01 1.245545687493137734e+02
2.065944824688328652e+01 9.286756833033629732e+01 1.242650051149314265e+02
2.012012249886618775e+01 9.253383952037646054e+01 1.239705706942386882e+02
1.957712342519423032e+01 9.218354115463969833e+01 1.236712654872356154e+02
1.903045102586739645e+01 9.181667323312592544e+01 1.233670894939221228e+02
1.848010530088567904e+01 9.143323575583512763e+01 1.230580427142982387e+02
1.792608625024909230e+01 9.103322872276731914e+01 1.227441251483639633e+02
1.736839387395763978e+01 9.061665213392255680e+01 1.224253367961193248e+02
1.680702817201131438e+01 9.018350598930078377e+01 1.221016776575643235e+02
1.624198914441010899e+01 8.973379028890200004e+01 1.217731477326989022e+02
1.567327679115403427e+01 8.926750503272623405e+01 1.214397470215230896e+02
1.510089111224309022e+01 8.878465022077347157e+01 1.211014755240369141e+02
1.452483210767726618e+01 8.828522585304369841e+01 1.207583332402403471e+02
1.394509977745657636e+01 8.776923192953694297e+01 1.204103201701333887e+02
1.336169412158101011e+01 8.723666845025319105e+01 1.200574363137160674e+02
1.277461514005057097e+01 8.668753541519244266e+01 1.196996816709883262e+02
1.218386283286526073e+01 8.612183282435469778e+01 1.193370562419502221e+02
1.158943720002507582e+01 8.553956067773992800e+01 1.189695600266017266e+02
1.099133824153001981e+01 8.494071897534820437e+01 1.185971930249428681e+02
2.215536432624351448e+01 9.541454432842374445e+01 1.233860686303803789e+02
2.161981169284750592e+01 9.499268167939436580e+01 1.232791516221757320e+02
2.107847816160953869e+01 9.455644221321237808e+01 1.231561091610497130e+02
2.053136373252961278e+01 9.410582592987776707e+01 1.230169412470023644e+02
1.997846840560773884e+01 9.364083282939063224e+01 1.228616478800337006e+02
1.941979218084390979e+01 9.316146291175093097e+01 1.226902290601436931e+02
1.885533505823811851e+01 9.266771617695857799e+01 1.225026847873323277e+02
1.828509703779037210e+01 9.215959262501365856e+01 1.222990150615996043e+02
1.770907811950067767e+01 9.163709225591615848e+01 1.220792198829455941e+02
1.712727830336902457e+01 9.110021506966609195e+01 1.218432992513702260e+02
1.653969758939541634e+01 9.054896106626340213e+01 1.215912531668734857e+02
1.594633597757985299e+01 8.998333024570816008e+01 1.213230816294554302e+02
1.534719346792233630e+01 8.940332260800032316e+01 1.210387846391160735e+02
1.474227006042286092e+01 8.880893815313989137e+01 1.207383621958553164e+02
1.413156575508143398e+01 8.820017688112687892e+01 1.204218142996732581e+02
1.351508055189804836e+01 8.757703879196128582e+01 1.200891409505698846e+02
1.289281445087270939e+01 8.693952388564312628e+01 1.197403421485451105e+02
1.226476745200541529e+01 8.628763216217235765e+01 1.193754178935990353e+02
1.163093955529616608e+01 8.562136362154899416e+01 1.189943681857316164e+02
1.099133076074496174e+01 8.494071826377307843e+01 1.185971930249428539e+02
2.219708704102848884e+01 9.720678606723353710e+01 1.219822493964700669e+02
2.167835189869362011e+01 9.666411049432997515e+01 1.220330541202527144e+02
2.115172320888565594e+01 9.611000081202783463e+01 1.220584182234306354e+02
2.061720097160459630e+01 9.554445702032708709e+01 1.220583417060039153e+02
2.007478518685045188e+01 9.496747911922787466e+01 1.220328245679725967e+02
1.952447585462321555e+01 9.437906710873009786e+01 1.219818668093365801e+02
1.896627297492288022e+01 9.377922098883369983e+01 1.219054684300958797e+02
1.840017654774945655e+01 9.316794075953879428e+01 1.218036294302505382e+02
1.782618657310293742e+01 9.254522642084532436e+01 1.216763498098005272e+02
1.724430305098333349e+01 9.191107797275333269e+01 1.215236295687458892e+02
1.665452598139062701e+01 9.126549541526274822e+01 1.213454687070865532e+02
1.605685536432483573e+01 9.060847874837362781e+01 1.211418672248225619e+02
1.545129119978595433e+01 8.994002797208597144e+01 1.209128251219539152e+02
1.483783348777397393e+01 8.926014308639975070e+01 1.206583423984805705e+02
1.421648222828890695e+01 8.856882409131499401e+01 1.203784190544026274e+02
1.358723742133074630e+01 8.786607098683165873e+01 1.200730550897200004e+02
1.295009906689949375e+01 8.715188377294977329e+01 1.197422505044327039e+02
1.230506716499514930e+01 8.642626244966936611e+01 1.193860052985407378e+02
1.165214171561771295e+01 8.568920701699036613e+01 1.190043194720441306e+02
1.099132271876718292e+01 8.494071747491284441e+01 1.185971930249428397e+02
2.175802766251650766e+01 9.856347468757435593e+01 1.208484792667088072e+02
2.126795595550185780e+01 9.794088366085179587e+01 1.209929413453912161e+02
2.076937345778090815e+01 9.730780416594964777e+01 1.211081866653792360e+02
2.026228016935368004e+01 9.666423620286786900e+01 1.211942152266729664e+02
1.974667609022016990e+01 9.601017977160658745e+01 1.212510270292723789e+02
1.922256122038036708e+01 9.534563487216568944e+01 1.212786220731774307e+02
1.868993555983427513e+01 9.467060150454517498e+01 1.212770003583881362e+02
1.814879910858189760e+01 9.398507966874505826e+01 1.212461618849044811e+02
1.759915186662323094e+01 9.328906936476538192e+01 1.211861066527265649e+02
1.704099383395828227e+01 9.258257059260613175e+01 1.210968346618542739e+02
1.647432501058704091e+01 9.186558335226727934e+01 1.209783459122876224e+02
1.589914539650951575e+01 9.113810764374883888e+01 1.208306404040266386e+02
1.531545499172570679e+01 9.040014346705081039e+01 1.206537181370713654e+02
1.472325379623560515e+01 8.965169082217317964e+01 1.204475791114217174e+02
1.412254181003921794e+01 8.889274970911598928e+01 1.202122233270777372e+02
1.351331903313654337e+01 8.812332012787919666e+01 1.199476507840394390e+02
1.289558546552758322e+01 8.734340207846283022e+01 1.196538614823067803e+02
1.226934110721233573e+01 8.655299556086686152e+01 1.193308554218797894e+02
1.163458595819080266e+01 8.575210057509130479e+01 1.189786326027584806e+02
1.099132001846298223e+01 8.494071712113617423e+01 1.185971930249428254e+02
2.083413023882967252e+01 9.947175757331262957e+01 1.199942577776253643e+02
2.038420006639026028e+01 9.881188929613959715e+01 1.201664182993653043e+02
1.992670185857922860e+01 9.814036287228510957e+01 1.203112799049312827e+02
1.946163561539659526e+01 9.745717830174916685e+01 1.204288425943233563e+02
1.898900133684237090e+01 9.676233558453182582e+01 1.205191063675415251e+02
1.850879902291653778e+01 9.605583472063307227e+01 1.205820712245857464e+02
1.802102867361908878e+01 9.533767571005282093e+01 1.206177371654560346e+02
1.752569028895004521e+01 9.460785855279115708e+01 1.206261041901524038e+02
1.702278386890939643e+01 9.386638324884806650e+01 1.206071722986748682e+02
1.651230941349714243e+01 9.311324979822354919e+01 1.205609414910234136e+02
1.599426692271328321e+01 9.234845820091757673e+01 1.204874117671979974e+02
1.546865639655781877e+01 9.157200845693017754e+01 1.203865831271986764e+02
1.493547783503075266e+01 9.078390056626133742e+01 1.202584555710254506e+02
1.439473123813208311e+01 8.998413452891107056e+01 1.201030290986782632e+02
1.384641660586180656e+01 8.917271034487934855e+01 1.199203037101571709e+02
1.329053393821992479e+01 8.834962801416622824e+01 1.197102794054621739e+02
1.272708323520644136e+01 8.751488753677165278e+01 1.194729561845932153e+02
1.215606449682135271e+01 8.666848891269563637e+01 1.192083340475503519e+02
1.157747772306465883e+01 8.581043214193816482e+01 1.189164129943335553e+02
1.099132291393635974e+01 8.494071722449930917e+01 1.185971930249428397e+02
1.942539476996797632e+01 9.993163472444832962e+01 1.194195849292196954e+02
1.902708423135881333e+01 9.927712740019329374e+01 1.195534849821749219e+02
1.862370841128059595e+01 9.860767693103414899e+01 1.196676979420866758e+02
1.821526730973334196e+01 9.792328331697089538e+01 1.197622238089550422e+02
1.780176092671704779e+01 9.722394655800360397e+01 1.198370625827799643e+02
1.738318926223170990e+01 9.650966665413218948e+01 1.198922142635614989e+02
1.695955231627732473e+01 9.578044360535665191e+01 1.199276788512995608e+02
1.653085008885389584e+01 9.503627741167704812e+01 1.199434563459941785e+02
1.609708257996141967e+01 9.427716807309332125e+01 1.199395467476454371e+02
1.565824978959990510e+01 9.350311558960552816e+01 1.199159500562532514e+02
1.521435171776934325e+01 9.271411996121361199e+01 1.198726662718176215e+02
1.476538836446973768e+01 9.191018118791761538e+01 1.198096953943385614e+02
1.431135972970108838e+01 9.109129926971753832e+01 1.197270374238160855e+02
1.385226581346339714e+01 9.025747420661335241e+01 1.196246923602501795e+02
1.338810661575665861e+01 8.940870599860505763e+01 1.195026602036408576e+02
1.291888213658087992e+01 8.854499464569268241e+01 1.193609409539881199e+02
1.244459237593605394e+01 8.766634014787621254e+01 1.191995346112919378e+02
1.196523733382218602e+01 8.677274250515563381e+01 1.190184411755523257e+02
1.148081701023927437e+01 8.586420171753096042e+01 1.188176606467692977e+02
1.099133140518731722e+01 8.494071778500222081e+01 1.185971930249428539e+02
1.773408954260763792e+01 1.001069340130326566e+02 1.190261226750762091e+02
1.739641215581328382e+01 9.947884201317322095e+01 1.190851208543058846e+02
1.705682320409062314e+01 9.883184669456491633e+01 1.191350553197606956e+02
1.671532268743965588e+01 9.816594805720775696e+01 1.191759260714406992e+02
1.637191060586039626e+01 9.748114610110184231e+01 1.192077331093458668e+02
1.602658695935283006e+01 9.677744082624705868e+01 1.192304764334761984e+02
1.567935174791695019e+01 9.605483223264340609e+01 1.192441560438316657e+02
1.533020497155277262e+01 9.531332032029092716e+01 1.192487719404122970e+02
1.497914663026029203e+01 9.455290508918962189e+01 1.192443241232181350e+02
1.462617672403951197e+01 9.377358653933951871e+01 1.192308125922491229e+02
1.427129525289042178e+01 9.297536467074053235e+01 1.192082373475052322e+02
1.391450221681303034e+01 9.215823948339273386e+01 1.191765983889865481e+02
1.355579761580733589e+01 9.132221097729609482e+01 1.191358957166930139e+02
1.319518144987333841e+01 9.046727915245061524e+01 1.190861293306246296e+02
1.283265371901103613e+01 8.959344400885630932e+01 1.190272992307814377e+02
1.246821442322043261e+01 8.870070554651319128e+01 1.189594054171633957e+02
1.210186356250152429e+01 8.778906376542119006e+01 1.188824478897705177e+02
1.173360113685431294e+01 8.685851866558039092e+01 1.187964266486027753e+02
1.136342714627879857e+01 8.590907024699073702e+01 1.187013416936602255e+02
1.099134159077497941e+01 8.494071850965228521e+01 1.185971930249428539e+02
1.601024047951253593e+01 1.002001647674292144e+02 1.186923143381602586e+02
1.573916326809916733e+01 9.959286246543639720e+01 1.186760089124589683e+02
1.546885550221462147e+01 9.896380167225471780e+01 1.186609589357348824e+02
1.519931718185890190e+01 9.831298238788423305e+01 1.186471644079880292e+02
1.493054830703201752e+01 9.764040461232499979e+01 1.186346253292184514e+02
1.466254887773395588e+01 9.694606834557691855e+01 1.186233416994260921e+02
1.439531889396471698e+01 9.622997358764000353e+01 1.186133135186109655e+02
1.412885835572430970e+01 9.549212033851426895e+01 1.186045407867730717e+02
1.386316726301272517e+01 9.473250859819975744e+01 1.185970235039124248e+02
1.359824561582997227e+01 9.395113836669642637e+01 1.185907616700290106e+02
1.333409341417604388e+01 9.314800964400426153e+01 1.185857552851228149e+02
1.307071065805094001e+01 9.232312243012329134e+01 1.185820043491938662e+02
1.280809734745466422e+01 9.147647672505351579e+01 1.185795088622421787e+02
1.254625348238722005e+01 9.060807252879490648e+01 1.185782688242676954e+02
1.228517906284859684e+01 8.971790984134752023e+01 1.185782842352704449e+02
1.202487408883880526e+01 8.880598866271128600e+01 1.185795550952504556e+02
1.176533856035783465e+01 8.787230899288626063e+01 1.185820814042076989e+02
1.150657247740569744e+01 8.691687083187241569e+01 1.185858631621421750e+02
1.124857583998238475e+01 8.593967417966975120e+01 1.185909003690538839e+02
1.099134864808789835e+01 8.494071903627828135e+01 1.185971930249428397e+02
1.425453227220861407e+01 1.002118815558184366e+02 1.184178270376818745e+02
1.405601391697183189e+01 9.961967026246503565e+01 1.183259155175437201e+02
1.386047023449065740e+01 9.900395518187058030e+01 1.182452653124341140e+02
1.366790122476509239e+01 9.836473631403509899e+01 1.181758764223531131e+02
1.347830688779514752e+01 9.770201365895863432e+01 1.181177488473006889e+02
1.329168722358081567e+01 9.701578721664114369e+01 1.180708825872768273e+02
1.310804223212208974e+01 9.630605698708259865e+01 1.180352776422815282e+02
1.292737191341897862e+01 9.557282297028302764e+01 1.180109340123148058e+02
1.274967626747147875e+01 9.481608516624245908e+01 1.179978516973766602e+02
1.257495529427959724e+01 9.403584357496086454e+01 1.179960306974670914e+02
1.240320899384332165e+01 9.323209819643821561e+01 1.180054710125860851e+02
1.223443736616266264e+01 9.240484903067455491e+01 1.180261726427336413e+02
1.206864041123761488e+01 9.155409607766988245e+01 1.180581355879098169e+02
1.190581812906818193e+01 9.067983933742416980e+01 1.181013598481144982e+02
1.174597051965435845e+01 8.978207880993744539e+01 1.181558454233477846e+02
1.158909758299615156e+01 8.886081449520968079e+01 1.182215923136096620e+02
1.143519931909355414e+01 8.791604639324091863e+01 1.182986005189000878e+02
1.128427572794656975e+01 8.694777450403111629e+01 1.183868700392191045e+02
1.113632680955519660e+01 8.595599882758028798e+01 1.184864008745666837e+02
1.099135256391944182e+01 8.494071936388844790e+01 1.185971930249428397e+02
1.246696492069588480e+01 1.001420843782003374e+02 1.182026607736410142e+02
1.234696410243128284e+01 9.955926540425915050e+01 1.180348406695601540e+02
1.223166740091873095e+01 9.895230722341247542e+01 1.178879744498584330e+02
1.212107481615823446e+01 9.832120983566034056e+01 1.177620621145359081e+02
1.201518634814979514e+01 9.766597324100276012e+01 1.176571036635925651e+02
1.191400199689340766e+01 9.698659743943971989e+01 1.175730990970283756e+02
1.181752176238907026e+01 9.628308243097117725e+01 1.175100484148433395e+02
1.172574564463678826e+01 9.555542821559716060e+01 1.174679516170374995e+02
1.163867364363655987e+01 9.480363479331772680e+01 1.174468087036108415e+02
1.155630575938838867e+01 9.402770216413280480e+01 1.174466196745633653e+02
1.147864199189226575e+01 9.322763032804238037e+01 1.174673845298950141e+02
1.140568234114820179e+01 9.240341928504652458e+01 1.175091032696058733e+02
1.133742680715618789e+01 9.155506903514519479e+01 1.175717758936959001e+02
1.127387538991622939e+01 9.068257957833839100e+01 1.176554024021650662e+02
1.121502808942832452e+01 8.978595091462611322e+01 1.177599827950134426e+02
1.116088490569247504e+01 8.886518304400837565e+01 1.178855170722409866e+02
1.111144583870867564e+01 8.792027596648517829e+01 1.180320052338476700e+02
1.106671088847693163e+01 8.695122968205650693e+01 1.181994472798335494e+02
1.102668005499723947e+01 8.595804419072236158e+01 1.183878432101986107e+02
1.099135333826960448e+01 8.494071949248277065e+01 1.185971930249428397e+02
1.064753842497433745e+01 9.999077323457494515e+01 1.180468155460377488e+02
1.061201382447751662e+01 9.941164789081875597e+01 1.178027843685082843e+02
1.058244700149884210e+01 9.880885779688044579e+01 1.175890863480078394e+02
1.055883795603832098e+01 9.818240295275997198e+01 1.174057214845364285e+02
1.054118668809595150e+01 9.753228335845740560e+01 1.172526897780941226e+02
1.052949319767173009e+01 9.685849901397267558e+01 1.171299912286807796e+02
1.052375748476565676e+01 9.616104991930578194e+01 1.170376258362964705e+02
1.052397954937773683e+01 9.543993607445673888e+01 1.169755936009412380e+02
1.053015939150796498e+01 9.469515747942558903e+01 1.169438945226150111e+02
1.054229701115634477e+01 9.392671413421227555e+01 1.169425286013178464e+02
1.056039240832287263e+01 9.313460603881679845e+01 1.169714958370496731e+02
1.058444558300755212e+01 9.231883319323921455e+01 1.170307962298105480e+02
1.061445653521038324e+01 9.147939559747945282e+01 1.171204297796004852e+02
1.065042526493136421e+01 9.061629325153757009e+01 1.172403964864194137e+02
1.069235177217049326e+01 8.972952615541353794e+01 1.173906963502674046e+02
1.074023605692777394e+01 8.881909430910737058e+01 1.175713293711444294e+02
1.079407811920320448e+01 8.788499771261905380e+01 1.177822955490504739e+02
1.085387795899678487e+01 8.692723636594858760e+01 1.180235948839855666e+02
1.091963557630851334e+01 8.594581026909598620e+01 1.182952273759496791e+02
1.099135097113839521e+01 8.494071942206124959e+01 1.185971930249428681e+02
8.796252785043977340e+00 9.975794812494220309e+01 1.179502913548719789e+02
8.851163083110536789e+00 9.917681772214385205e+01 1.176297466143880683e+02
8.912809036230994408e+00 9.857360690227444877e+01 1.173486010068822907e+02
8.981190644405355528e+00 9.794831566533397904e+01 1.171068545323546886e+02
9.056307907633620147e+00 9.730094401132251392e+01 1.169045071908052762e+02
9.138160825915786489e+00 9.663149194023996813e+01 1.167415589822340110e+02
9.226749399251852779e+00 9.593995945208635590e+01 1.166180099066408502e+02
9.322073627641820792e+00 9.522634654686169142e+01 1.165338599640258934e+02
9.424133511085692305e+00 9.449065322456600313e+01 1.164891091543890980e+02
9.532929049583467318e+00 9.373287948519926260e+01 1.164837574777304781e+02
9.648460243135140502e+00 9.295302532876144141e+01 1.165178049340499769e+02
9.770727091740718961e+00 9.215109075525256799e+01 1.165912515233476654e+02
9.899729595400197368e+00 9.132707576467267074e+01 1.167040972456235011e+02
1.003546775411358105e+01 9.048098035702170705e+01 1.168563421008774981e+02
1.017794156788086291e+01 8.961280453229969112e+01 1.170479860891096564e+02
1.032715103670204826e+01 8.872254829050663716e+01 1.172790292103199761e+02
1.048309616057713534e+01 8.781021163164251675e+01 1.175494714645084429e+02
1.064577693950612414e+01 8.687579455570735831e+01 1.178593128516750994e+02
1.081519337348901288e+01 8.591929706270114764e+01 1.182085533718199031e+02
1.099134546252580868e+01 8.494071915262388472e+01 1.185971930249428681e+02
6.913108000904799155e+00 9.944360904930212541e+01 1.179130882001437755e+02
7.064411878330334460e+00 9.885477489823441033e+01 1.175157274071995346e+02
7.222753505115178996e+00 9.824655453959448437e+01 1.171665184264818151e+02
7.388132881259332763e+00 9.761894797338234753e+01 1.168654612579906598e+02
7.560550006762798425e+00 9.697195519959808507e+01 1.166125559017260684e+02
7.740004881625570654e+00 9.630557621824161174e+01 1.164078023576880128e+02
7.926497505847652114e+00 9.561981102931291332e+01 1.162512006258764927e+02
8.120027879429041917e+00 9.491465963281203244e+01 1.161427507062915367e+02
8.320596002369741839e+00 9.419012202873898332e+01 1.160824525989331306e+02
8.528201874669750993e+00 9.344619821709375174e+01 1.160703063038012885e+02
8.742845496329067601e+00 9.268288819787628086e+01 1.161063118208959679e+02
8.964526867347696992e+00 9.190019197108664173e+01 1.161904691502171971e+02
9.193245987725632062e+00 9.109810953672482015e+01 1.163227782917649904e+02
9.429002857462879916e+00 9.027664089479080189e+01 1.165032392455393051e+02
9.671797476559433449e+00 8.943578604528457277e+01 1.167318520115401981e+02
9.921629845015297988e+00 8.857554498820617539e+01 1.170086165897676267e+02
1.017849996283046821e+01 8.769591772355559556e+01 1.173335329802216194e+02
1.044240783000495298e+01 8.679690425133279064e+01 1.177066011829021477e+02
1.071335344653874344e+01 8.587850457153783168e+01 1.181278211978092259e+02
1.099133681243184313e+01 8.494071868417064763e+01 1.185971930249428681e+02
4.998104072556808219e+00 9.904775600765472632e+01 1.179352060818530958e+02
5.251760210136922069e+00 9.844551941909043080e+01 1.174607267469426688e+02
5.512280408151405631e+00 9.782770070884055258e+01 1.170428386068064128e+02
5.779664666600260681e+00 9.719429987690512007e+01 1.166815416614443421e+02
6.053912985483490772e+00 9.654531692328414749e+01 1.163768359108565136e+02
6.335025364801090575e+00 9.588075184797759221e+01 1.161287213550428703e+02
6.623001804553060090e+00 9.520060465098546842e+01 1.159371979940033981e+02
6.917842304739401982e+00 9.450487533230777615e+01 1.158022658277381538e+02
7.219546865360117138e+00 9.379356389194455801e+01 1.157239248562471232e+02
7.528115486415202895e+00 9.306667032989572874e+01 1.157021750795302779e+02
7.843548167904659252e+00 9.232419464616134519e+01 1.157370164975876037e+02
8.165844909828489762e+00 9.156613684074142157e+01 1.158284491104191858e+02
8.495005712186689095e+00 9.079249691363591523e+01 1.159764729180249390e+02
8.831030574979264358e+00 9.000327486484484041e+01 1.161810879204048916e+02
9.173919498206206669e+00 8.919847069436819709e+01 1.164422941175590438e+02
9.523672481867523132e+00 8.837808440220599948e+01 1.167600915094874097e+02
9.880289525963210195e+00 8.754211598835824759e+01 1.171344800961899750e+02
1.024377063049326786e+01 8.669056545282491300e+01 1.175654598776667399e+02
1.061411579545769790e+01 8.582343279560603833e+01 1.180530308539177042e+02
1.099132502085650032e+01 8.494071801670158095e+01 1.185971930249428539e+02
3.051241000000000092e+00 9.857038900000000581e+01 1.180166449999999969e+02
3.413208078530288514e+00 9.794905128471192768e+01 1.174647446336174852e+02
3.781389745339666320e+00 9.731704541001268183e+01 1.169775615478560553e+02
4.155786000428133065e+00 9.667437137590225404e+01 1.165550957427157641e+02
4.536396843795690970e+00 9.602102918238068696e+01 1.161973472181965974e+02
4.923222275442337370e+00 9.535701882944795216e+01 1.159043159742985409e+02
5.316262295368073154e+00 9.468234031710400700e+01 1.156760020110215805e+02
5.715516903572897434e+00 9.399699364534890833e+01 1.155124053283657446e+02
6.120986100056812873e+00 9.330097881418267036e+01 1.154135259263310473e+02
6.532669884819817696e+00 9.259429582360525046e+01 1.153793638049174604e+02
6.950568257861910126e+00 9.187694467361663442e+01 1.154099189641249552e+02
7.374681219183093717e+00 9.114892536421687907e+01 1.155051914039536030e+02
7.805008768783366691e+00 9.041023789540594180e+01 1.156651811244033468e+02
8.241550906662730824e+00 8.966088226718383680e+01 1.158898881254742150e+02
8.684307632821180789e+00 8.890085847955054987e+01 1.161793124071661936e+02
9.133278947258723690e+00 8.813016653250610943e+01 1.165334539694792966e+02
9.588464849975352422e+00 8.734880642605051548e+01 1.169523128124135098e+02
1.004986534097107231e+01 8.655677816018371118e+01 1.174358889359688476e+02
1.051748042024588159e+01 8.575408173490578179e+01 1.179841823401452956e+02
1.099131008779978202e+01 8.494071715021665625e+01 1.185971930249428539e+02
