3.636220095596570445e+00 7.739763322820624580e+01 1.117313729827209698e+02
4.151392356993881982e+00 7.788078724377596984e+01 1.116212019937441084e+02
4.660655300716945781e+00 7.835839920908884437e+01 1.115685332937172944e+02
5.164008926765760954e+00 7.883046912414489782e+01 1.115733668826405420e+02
5.661453235140331053e+00 7.929699698894414439e+01 1.116357027605138938e+02
6.152988225840653413e+00 7.975798280348654146e+01 1.117555409273372788e+02
6.638613898866726259e+00 8.021342656777208902e+01 1.119328813831107254e+02
7.118330254218552255e+00 8.066332828180080128e+01 1.121677241278342336e+02
7.592137291896133178e+00 8.110768794557270667e+01 1.124600691615078460e+02
8.060035011899465474e+00 8.154650555908777676e+01 1.128099164841315201e+02
8.522023414228549143e+00 8.197978112234601156e+01 1.132172660957052130e+02
8.978102498883385962e+00 8.240751463534741106e+01 1.136821179962290103e+02
9.428272265863974155e+00 8.282970609809197526e+01 1.142044721857028691e+02
9.872532715170317275e+00 8.324635551057971838e+01 1.147843286641267753e+02
1.031088384680241177e+01 8.365746287281061200e+01 1.154216874315007573e+02
1.074332566076025941e+01 8.406302818478468453e+01 1.161165484878248151e+02
1.116985815704385843e+01 8.446305144650192176e+01 1.168689118330989345e+02
1.159048133565321059e+01 8.485753265796232370e+01 1.176787774673231297e+02
1.200519519658831591e+01 8.524647181916590455e+01 1.185461453904973581e+02
1.241399973984917438e+01 8.562986893011265011e+01 1.194710156026216907e+02
5.925726092390115163e+00 7.627612266505035166e+01 1.113287898249009942e+02
6.308507922286457514e+00 7.682564255298595413e+01 1.112342830748035141e+02
6.686701600315727134e+00 7.736880495021435422e+01 1.111978924301421188e+02
7.060307126477924911e+00 7.790560985673556615e+01 1.112196178909168083e+02
7.429324500773053508e+00 7.843605727254958992e+01 1.112994594571276536e+02
7.793753723201112038e+00 7.896014719765639711e+01 1.114374171287745412e+02
8.153594793762097837e+00 7.947787963205597350e+01 1.116334909058575420e+02
8.508847712456011791e+00 7.998925457574834752e+01 1.118876807883766418e+02
8.859512479282855679e+00 8.049427202873354759e+01 1.121999867763318548e+02
9.205589094242629500e+00 8.099293199101153107e+01 1.125704088697231811e+02
9.547077557335329701e+00 8.148523446258229797e+01 1.129989470685505637e+02
9.883977868560961610e+00 8.197117944344586249e+01 1.134856013728140880e+02
1.021629002791951990e+01 8.245076693360223885e+01 1.140303717825136829e+02
1.054401403541100990e+01 8.292399693305139863e+01 1.146332582976493910e+02
1.086714989103542806e+01 8.339086944179334182e+01 1.152942609182211697e+02
1.118569759479277437e+01 8.385138445982809685e+01 1.160133796442290901e+02
1.149965714668304884e+01 8.430554198715563530e+01 1.167906144756730953e+02
1.180902854670625324e+01 8.475334202377598558e+01 1.176259654125531853e+02
1.211381179486238935e+01 8.519478456968911928e+01 1.185194324548693743e+02
1.241400689115145006e+01 8.562986962489505061e+01 1.194710156026216907e+02
8.107706064797842060e+00 7.533239923058977183e+01 1.110967946375383093e+02
8.363762496693549764e+00 7.593767336993271044e+01 1.110082220479500279e+02
8.616551284947096434e+00 7.653591395471346459e+01 1.109784629096322703e+02
8.866072429558480295e+00 7.712712098493204849e+01 1.110075172225850366e+02
9.112325930527706674e+00 7.771129446058847634e+01 1.110953849868083694e+02
9.355311787854773797e+00 7.828843438168271973e+01 1.112420662023021976e+02
9.595030001539676334e+00 7.885854074821477866e+01 1.114475608690665780e+02
9.831480571582421391e+00 7.942161356018466734e+01 1.117118689871014396e+02
1.006466349798300541e+01 7.997765281759239997e+01 1.120349905564068962e+02
1.029457878074143196e+01 8.052665852043796235e+01 1.124169255769828766e+02
1.052122641985769214e+01 8.106863066872132606e+01 1.128576740488293524e+02
1.074460641533179839e+01 8.160356926244253373e+01 1.133572359719463805e+02
1.096471876716373828e+01 8.213147430160157114e+01 1.139156113463339324e+02
1.118156347535352424e+01 8.265234578619842409e+01 1.145328001719920223e+02
1.139514053990114739e+01 8.316618371623310679e+01 1.152088024489206219e+02
1.160544996080660773e+01 8.367298809170561924e+01 1.159436181771197880e+02
1.181249173806990882e+01 8.417275891261593301e+01 1.167372473565894921e+02
1.201626587169105242e+01 8.466549617896410496e+01 1.175896899873297059e+02
1.221677236167003144e+01 8.515119989075010665e+01 1.185009460693404151e+02
1.241401120800685298e+01 8.562987004797393809e+01 1.194710156026217049e+02
1.018216001281974670e+01 7.456646292482452054e+01 1.110353874206328442e+02
1.031715608021515429e+01 7.521687969461621037e+01 1.109430189131835789e+02
1.045020435461104569e+01 7.585972622258611864e+01 1.109102447321876923e+02
1.058130483600741911e+01 7.649500250873430218e+01 1.109370648776451560e+02
1.071045752440428345e+01 7.712270855306076101e+01 1.110234793495559842e+02
1.083766241980162981e+01 7.774284435556550932e+01 1.111694881479201769e+02
1.096291952219945998e+01 7.835540991624847607e+01 1.113750912727377340e+02
1.108622883159777395e+01 7.896040523510971809e+01 1.116402887240085988e+02
1.120759034799657528e+01 7.955783031214924961e+01 1.119650805017328992e+02
1.132700407139586218e+01 8.014768514736704219e+01 1.123494666059105356e+02
1.144447000179562934e+01 8.072996974076305321e+01 1.127934470365415223e+02
1.155998813919588564e+01 8.130468409233735372e+01 1.132970217936258734e+02
1.167355848359662396e+01 8.187182820208991529e+01 1.138601908771635749e+02
1.178518103499784964e+01 8.243140207002075215e+01 1.144829542871546550e+02
1.189485579339955912e+01 8.298340569612983586e+01 1.151653120235990855e+02
1.200258275880175241e+01 8.352783908041719485e+01 1.159072640864968946e+02
1.210836193120443127e+01 8.406470222288278649e+01 1.167088104758480398e+02
1.221219331060759750e+01 8.459399512352666761e+01 1.175699511916525779e+02
1.231407689701124397e+01 8.511571778234882402e+01 1.184906862339104237e+02
1.241401269041537780e+01 8.562987019934922728e+01 1.194710156026216907e+02
1.214908793645583884e+01 7.397831374775462621e+01 1.111445681741847125e+02
1.216868867285128175e+01 7.466326152703646812e+01 1.110386736705043234e+02
1.218766080930758733e+01 7.534024175383237321e+01 1.109932378978084984e+02
1.220600434582475557e+01 7.600925442814241251e+01 1.110082608560972517e+02
1.222371928240279360e+01 7.667029954996655761e+01 1.110837425453706402e+02
1.224080561904169429e+01 7.732337711930480850e+01 1.112196829656285786e+02
1.225726335574145587e+01 7.796848713615713677e+01 1.114160821168711095e+02
1.227309249250208012e+01 7.860562960052357084e+01 1.116729399990982188e+02
1.228829302932357592e+01 7.923480451240413913e+01 1.119902566123099490e+02
1.230286496620593439e+01 7.985601187179879901e+01 1.123680319565062717e+02
1.231680830314915021e+01 8.046925167870755047e+01 1.128062660316871586e+02
1.233012304015323934e+01 8.107452393313040773e+01 1.133049588378526380e+02
1.234280917721818582e+01 8.167182863506737078e+01 1.138641103750027099e+02
1.235486671434400030e+01 8.226116578451843964e+01 1.144837206431373744e+02
1.236629565153067745e+01 8.284253538148360008e+01 1.151637896422566172e+02
1.237709598877822081e+01 8.341593742596289474e+01 1.159043173723604525e+02
1.238726772608662685e+01 8.398137191795625256e+01 1.167053038334488804e+02
1.239681086345589733e+01 8.453883885746374460e+01 1.175667490255219150e+02
1.240572540088603226e+01 8.508833824448532823e+01 1.184886529485795137e+02
1.241401133837703163e+01 8.562987007902101766e+01 1.194710156026217192e+02
1.400848983570610429e+01 7.356795169938006040e+01 1.114243368981938147e+02
1.391836027460191794e+01 7.427681886719346949e+01 1.112951863199120908e+02
1.382892064903671070e+01 7.497746054845219987e+01 1.112274424064945606e+02
1.374017095901047547e+01 7.566987674315629420e+01 1.112211051579412526e+02
1.365211120452322646e+01 7.635406745130572403e+01 1.112761745742521811e+02
1.356474138557495301e+01 7.703003267290054623e+01 1.113926506554273033e+02
1.347806150216565513e+01 7.769777240794067552e+01 1.115705334014666477e+02
1.339207155429533280e+01 7.835728665642616875e+01 1.118098228123701858e+02
1.330677154196399492e+01 7.900857541835702591e+01 1.121105188881379888e+02
1.322216146517163438e+01 7.965163869373320438e+01 1.124726216287699856e+02
1.313824132391824762e+01 8.028647648255473257e+01 1.128961310342661761e+02
1.305501111820384352e+01 8.091308878482161049e+01 1.133810471046266031e+02
1.297247084802841499e+01 8.153147560053385234e+01 1.139273698398512238e+02
1.289062051339196557e+01 8.214163692969142971e+01 1.145350992399400809e+02
1.280946011429449172e+01 8.274357277229437102e+01 1.152042353048931318e+02
1.272898965073600053e+01 8.333728312834264784e+01 1.159347780347104049e+02
1.264920912271648490e+01 8.392276799783627439e+01 1.167267274293919144e+02
1.257011853023594661e+01 8.450002738077523645e+01 1.175800834889376461e+02
1.249171787329438743e+01 8.506906127715956245e+01 1.184948462133475289e+02
1.241400715189180559e+01 8.562986968698925239e+01 1.194710156026216907e+02
1.576036571057055191e+01 7.333537677970080892e+01 1.118746935926602077e+02
1.556617088546707350e+01 7.405755171508722867e+01 1.117125568614069664e+02
1.537398387379841580e+01 7.477138260644559864e+01 1.116128582582459643e+02
1.518380467556458768e+01 7.547686945377597567e+01 1.115755977831772014e+02
1.499563329076558738e+01 7.617401225707837398e+01 1.116007754362007063e+02
1.480946971940141310e+01 7.686281101635276514e+01 1.116883912173164219e+02
1.462531396147205953e+01 7.754326573159914915e+01 1.118384451265243769e+02
1.444316601697753555e+01 7.821537640281752601e+01 1.120509371638245568e+02
1.426302588591783760e+01 7.887914303000790994e+01 1.123258673292170187e+02
1.408489356829297101e+01 7.953456561317028672e+01 1.126632356227017198e+02
1.390876906410292335e+01 8.018164415230465636e+01 1.130630420442786317e+02
1.373465237334770528e+01 8.082037864741103306e+01 1.135252865939477829e+02
1.356254349602731324e+01 8.145076909848938840e+01 1.140499692717091875e+02
1.339244243214174901e+01 8.207281550553976501e+01 1.146370900775628314e+02
1.322434918169100726e+01 8.268651786856213448e+01 1.152866490115087004e+02
1.305826374467509687e+01 8.329187618755651101e+01 1.159986460735468370e+02
1.289418612109400897e+01 8.388889046252285198e+01 1.167730812636771986e+02
1.273211631094774887e+01 8.447756069346121421e+01 1.176099545818997854e+02
1.257205431423631481e+01 8.505788688037156930e+01 1.185092660282145971e+02
1.241400013095970678e+01 8.562986902325394567e+01 1.194710156026216907e+02
1.735819128122407307e+01 7.329818827706962736e+01 1.124975263857953820e+02
1.706874543852983805e+01 7.402214135066110146e+01 1.122930460034177287e+02
1.678254680221340678e+01 7.473777028162025715e+01 1.121520663022213427e+02
1.649959537227476858e+01 7.544507506994713708e+01 1.120745872822062665e+02
1.621989114871393767e+01 7.614405571564175546e+01 1.120606089433725003e+02
1.594343413153090694e+01 7.683471221870408385e+01 1.121101312857200298e+02
1.567022432072566929e+01 7.751704457913410806e+01 1.122231543092488408e+02
1.540026171629823182e+01 7.819105279693187072e+01 1.123996780139589617e+02
1.513354631824859808e+01 7.885673687209735760e+01 1.126397023998503926e+02
1.487007812657676986e+01 7.951409680463055452e+01 1.129432274669231333e+02
1.460985714128272939e+01 8.016313259453147566e+01 1.133102532151771413e+02
1.435288336236649442e+01 8.080384424180010683e+01 1.137407796446124593e+02
1.409915678982805964e+01 8.143623174643643381e+01 1.142348067552290445e+02
1.384867742366742505e+01 8.206029510844052766e+01 1.147923345470269680e+02
1.360144526388458885e+01 8.267603432781230310e+01 1.154133630200061873e+02
1.335746031047955462e+01 8.328344940455183121e+01 1.160978921741667165e+02
1.311672256345231524e+01 8.388254033865904091e+01 1.168459220095085129e+02
1.287923202280287960e+01 8.447330713013397485e+01 1.176574525260316051e+02
1.264498868853124058e+01 8.505574977897663302e+01 1.185324837237360072e+02
1.241399256063740708e+01 8.562986828518702964e+01 1.194710156026217049e+02
1.869405923253778568e+01 7.349720556497184987e+01 1.132972145575513565e+02
1.832548082865602268e+01 7.420927794039087644e+01 1.130418971796471226e+02
1.796113002817804016e+01 7.491318240488958224e+01 1.128510524989665811e+02
1.760100683110384168e+01 7.560891895846803834e+01 1.127246805155097178e+02
1.724511123743343433e+01 7.629648760112628736e+01 1.126627812292765753e+02
1.689344324716680745e+01 7.697588833286422982e+01 1.126653546402670969e+02
1.654600286030395750e+01 7.764712115368190837e+01 1.127324007484812967e+02
1.620279007684489869e+01 7.831018606357932299e+01 1.128639195539191746e+02
1.586380489678962213e+01 7.896508306255651632e+01 1.130599110565807877e+02
1.552904732013813494e+01 7.961181215061343153e+01 1.133203752564660789e+02
1.519851734689042289e+01 8.025037332775008281e+01 1.136453121535750341e+02
1.487221497704649842e+01 8.088076659396647017e+01 1.140347217479076960e+02
1.455014021060636153e+01 8.150299194926259361e+01 1.144886040394640077e+02
1.423229304757000513e+01 8.211704939363846734e+01 1.150069590282440544e+02
1.391867348793743275e+01 8.272293892709409135e+01 1.155897867142477651e+02
1.360928153170864618e+01 8.332066054962945145e+01 1.162370870974751966e+02
1.330411717888364187e+01 8.391021426124453342e+01 1.169488601779262780e+02
1.300318042946242336e+01 8.449160006193935146e+01 1.177251059556010517e+02
1.270647128344498711e+01 8.506481795171393401e+01 1.185658244304995321e+02
1.241398974083133666e+01 8.562986793056825263e+01 1.194710156026217049e+02
1.976360246688842182e+01 7.393408063696070087e+01 1.142739353409827459e+02
1.933230556559678348e+01 7.462052730707421233e+01 1.139593225961614991e+02
1.890595036339102464e+01 7.529909854215146936e+01 1.137100591052188321e+02
1.848453686027114529e+01 7.596979434219252880e+01 1.135261448681547733e+02
1.806806505623715609e+01 7.663261470719737645e+01 1.134075798849693797e+02
1.765653495128904638e+01 7.728755963716602650e+01 1.133543641556625658e+02
1.724994654542681261e+01 7.793462913209843634e+01 1.133664976802343602e+02
1.684829983865046188e+01 7.857382319199463439e+01 1.134439804586847771e+02
1.645159483095999775e+01 7.920514181685462063e+01 1.135868124910138306e+02
1.605983152235541667e+01 7.982858500667840929e+01 1.137949937772214923e+02
1.567300991283670974e+01 8.044415276146598615e+01 1.140685243173077339e+02
1.529113000240388942e+01 8.105184508121730858e+01 1.144074041112726263e+02
1.491419179105695214e+01 8.165166196593244763e+01 1.148116331591160844e+02
1.454219527879589435e+01 8.224360341561137488e+01 1.152812114608382075e+02
1.417514046562071961e+01 8.282766943025406192e+01 1.158161390164389104e+02
1.381302735153142613e+01 8.340386000986055137e+01 1.164164158259182642e+02
1.345585593652801393e+01 8.397217515443082902e+01 1.170820418892762120e+02
1.310362622061048476e+01 8.453261486396488067e+01 1.178130172065127539e+02
1.275633820377883687e+01 8.508517913846272052e+01 1.186093417776279182e+02
1.241399188603307024e+01 8.562986797792434857e+01 1.194710156026217192e+02
2.056682098427597793e+01 7.460881349303612353e+01 1.154276887360895216e+02
2.008921964935212401e+01 7.525588945071109492e+01 1.150453222529607729e+02
1.961700780785235665e+01 7.589551869340590429e+01 1.147290861209780672e+02
1.915018545977668296e+01 7.652770122112055162e+01 1.144789803401414616e+02
1.868875260512510650e+01 7.715243703385507956e+01 1.142950049104509276e+02
1.823270924389762371e+01 7.776972613160944547e+01 1.141771598319064651e+02
1.778205537609422748e+01 7.837956851438367778e+01 1.141254451045080600e+02
1.733679100171492848e+01 7.898196418217774806e+01 1.141398607282557407e+02
1.689691612075972316e+01 7.957691313499168473e+01 1.142204067031495072e+02
1.646243073322861505e+01 8.016441537282548779e+01 1.143670830291893594e+02
1.603333483912158997e+01 8.074447089567911462e+01 1.145798897063752548e+02
1.560962843843866388e+01 8.131707970355260784e+01 1.148588267347072360e+02
1.519131153117983146e+01 8.188224179644596745e+01 1.152038941141852604e+02
1.477838411734509094e+01 8.243995717435917925e+01 1.156150918448093989e+02
1.437084619693444409e+01 8.299022583729224323e+01 1.160924199265795949e+02
1.396869776994789270e+01 8.353304778524515939e+01 1.166358783594959050e+02
1.357193883638542786e+01 8.406842301821791352e+01 1.172454671435582298e+02
1.318056939624706203e+01 8.459635153621053405e+01 1.179211862787666547e+02
1.279458944953278809e+01 8.511683333922300676e+01 1.186630357651211511e+02
1.241399899624260783e+01 8.562986842725536007e+01 1.194710156026217192e+02
2.113700478787087889e+01 7.547301209148847079e+01 1.167137236741528028e+02
2.062729248231065782e+01 7.606973925940962999e+01 1.162573606861655549e+02
2.012320320725209655e+01 7.665956023351979809e+01 1.158678292110451054e+02
1.962473696269519152e+01 7.724247501381901770e+01 1.155451292487915111e+02
1.913189374863996051e+01 7.781848360030727463e+01 1.152892607994047580e+02
1.864467356508638218e+01 7.838758599298459728e+01 1.151002238628847891e+02
1.816307641203446011e+01 7.894978219185092883e+01 1.149780184392316613e+02
1.768710228948420138e+01 7.950507219690631189e+01 1.149226445284453177e+02
1.721675119743560600e+01 8.005345600815073226e+01 1.149341021305258579e+02
1.675202313588867042e+01 8.059493362558420415e+01 1.150123912454731965e+02
1.629291810484339109e+01 8.112950504920671335e+01 1.151575118732873335e+02
1.583943610429977689e+01 8.165717027901824565e+01 1.153694640139683258e+02
1.539157713425782248e+01 8.217792931501882947e+01 1.156482476675161024e+02
1.494934119471752609e+01 8.269178215720846481e+01 1.159938628339307201e+02
1.451272828567889128e+01 8.319872880558712325e+01 1.164063095132121646e+02
1.408173840714192160e+01 8.369876926015481899e+01 1.168855877053604218e+02
1.365637155910660461e+01 8.419190352091156626e+01 1.174316974103755058e+02
1.323662774157295274e+01 8.467813158785735084e+01 1.180446386282573883e+02
1.282250695454096068e+01 8.515745346099217272e+01 1.187244113590061261e+02
1.241400919801062841e+01 8.562986914031603192e+01 1.194710156026216765e+02
2.157808898423118649e+01 7.637559107537421710e+01 1.179923223224025151e+02
2.104352620747086888e+01 7.691963004003103777e+01 1.174626374286757056e+02
2.051476822846747083e+01 7.745733881920033070e+01 1.170004537411537342e+02
1.999181504722099234e+01 7.798871741288211012e+01 1.166057712598366010e+02
1.947466666373145472e+01 7.851376582107639024e+01 1.162785899847243485e+02
1.896332307799883665e+01 7.903248404378319947e+01 1.160189099158169199e+02
1.845778429002313459e+01 7.954487208100243834e+01 1.158267310531143153e+02
1.795805029980436274e+01 8.005092993273420632e+01 1.157020533966165772e+02
1.746412110734251399e+01 8.055065759897844657e+01 1.156448769463237056e+02
1.697599671263759546e+01 8.104405507973520173e+01 1.156552017022356722e+02
1.649367711568959649e+01 8.153112237500441495e+01 1.157330276643524485e+02
1.601716231649852418e+01 8.201185948478615728e+01 1.158783548326741055e+02
1.554645231506437675e+01 8.248626640908037189e+01 1.160911832072006007e+02
1.508154711138715598e+01 8.295434314788710140e+01 1.163715127879319198e+02
1.462244670546685654e+01 8.341608970120630318e+01 1.167193435748680912e+02
1.416915109730348732e+01 8.387150606903799144e+01 1.171346755680091434e+02
1.372166028689703943e+01 8.432059225138216618e+01 1.176175087673549911e+02
1.327997427424751642e+01 8.476334824823885583e+01 1.181678431729057053e+02
1.284409305935491830e+01 8.519977405960803196e+01 1.187856787846612718e+02
1.241401664221924683e+01 8.562986968548969458e+01 1.194710156026216907e+02
2.189756219708588247e+01 7.730566460037596244e+01 1.192534178774986344e+02
2.134490992191337710e+01 7.779529837223856248e+01 1.186515840799566774e+02
2.079820414930593131e+01 7.827920795559771250e+01 1.181178932056803035e+02
2.025744487926354509e+01 7.875739335045344092e+01 1.176523452546695694e+02
1.972263211178623266e+01 7.922985455680573352e+01 1.172549402269244609e+02
1.919376584687397624e+01 7.969659157465460453e+01 1.169256781224449639e+02
1.867084608452677585e+01 8.015760440400002551e+01 1.166645589412310642e+02
1.815387282474464570e+01 8.061289304484199647e+01 1.164715826832827759e+02
1.764284606752757512e+01 8.106245749718057425e+01 1.163467493486001416e+02
1.713776581287556766e+01 8.150629776101570201e+01 1.162900589371831472e+02
1.663863206078861978e+01 8.194441383634736553e+01 1.163015114490316932e+02
1.614544481126673858e+01 8.237680572317560745e+01 1.163811068841459075e+02
1.565820406430991873e+01 8.280347342150042778e+01 1.165288452425257191e+02
1.517690981991815846e+01 8.322441693132179807e+01 1.167447265241711420e+02
1.470156207809146309e+01 8.363963625263974677e+01 1.170287507290821907e+02
1.423216083882983085e+01 8.404913138545424545e+01 1.173809178572588650e+02
1.376870610213325996e+01 8.445290232976530831e+01 1.178012279087011365e+02
1.331119786800175042e+01 8.485094908557293536e+01 1.182896808834090336e+02
1.285963613643530401e+01 8.524327165287714081e+01 1.188462767813825423e+02
1.241402090743392250e+01 8.562987003167791045e+01 1.194710156026216765e+02
2.209542442643495974e+01 7.826323266649363575e+01 1.204970103394411467e+02
2.153144362563818603e+01 7.869674425603218992e+01 1.198242006400084421e+02
2.097351096976747797e+01 7.912516764271197189e+01 1.192201476046248416e+02
2.042162645882284266e+01 7.954850282653299587e+01 1.186848512332903880e+02
1.987579009280428721e+01 7.996674980749531869e+01 1.182183115260050954e+02
1.933600187171180806e+01 8.037990858559888352e+01 1.178205284827689354e+02
1.880226179554539101e+01 8.078797916084369035e+01 1.174915021035818654e+02
1.827456986430505026e+01 8.119096153322975340e+01 1.172312323884439564e+02
1.775292607799078226e+01 8.158885570275710108e+01 1.170397193373552085e+02
1.723733043660259057e+01 8.198166166942569077e+01 1.169169629503155932e+02
1.672778294014046807e+01 8.236937943323553668e+01 1.168629632273250820e+02
1.622428358860441833e+01 8.275200899418662459e+01 1.168777201683837461e+02
1.572683238199444133e+01 8.312955035227896872e+01 1.169612337734915002e+02
1.523542932031053887e+01 8.350200350751259748e+01 1.171135040426484011e+02
1.475007440355270916e+01 8.386936845988748246e+01 1.173345309758544204e+02
1.427076763172095397e+01 8.423164520940360944e+01 1.176243145731096149e+02
1.379750900481526799e+01 8.458883375606097843e+01 1.179828548344139278e+02
1.333029852283565653e+01 8.494093409985961785e+01 1.184101517597673876e+02
1.286913618578211782e+01 8.528794624079951348e+01 1.189062053491699658e+02
1.241402199365465364e+01 8.562987017888066532e+01 1.194710156026216907e+02
2.217167567227841829e+01 7.924829527372727966e+01 1.217230997082300803e+02
2.160312731864528857e+01 7.962396769141189168e+01 1.209804871088310279e+02
2.104068868985211083e+01 7.999521788054305205e+01 1.203072169379873628e+02
2.048435978589888862e+01 8.036204584112078919e+01 1.197032891956990852e+02
1.993414060678562549e+01 8.072445157314510311e+01 1.191687038819662519e+02
1.939003115251232146e+01 8.108243507661599381e+01 1.187034609967888059e+02
1.885203142307896940e+01 8.143599635153343286e+01 1.183075605401667332e+02
1.832014141848557642e+01 8.178513539789744868e+01 1.179810025121000905e+02
1.779436113873213898e+01 8.212985221570802707e+01 1.177237869125888636e+02
1.727469058381865707e+01 8.247014680496519645e+01 1.175359137416330242e+02
1.676112975374513070e+01 8.280601916566889997e+01 1.174173829992325579e+02
1.625367864851155986e+01 8.313746929781919448e+01 1.173681946853875502e+02
1.575233726811795165e+01 8.346449720141603734e+01 1.173883488000979014e+02
1.525710561256429365e+01 8.378710287645947119e+01 1.174778453433636685e+02
1.476798368185059296e+01 8.410528632294946760e+01 1.176366843151848087e+02
1.428497147597685313e+01 8.441904754088602658e+01 1.178648657155613932e+02
1.380806899494306350e+01 8.472838653026916234e+01 1.181623895444933652e+02
1.333727623874923296e+01 8.503330329109886065e+01 1.185292558019807387e+02
1.287259320739535973e+01 8.533379782337512154e+01 1.189654644880234997e+02
1.241401990088144203e+01 8.562987012709795920e+01 1.194710156026216765e+02
2.212631593461625812e+01 8.026085242207687998e+01 1.229316859838653642e+02
2.155996100093468471e+01 8.057696867837769616e+01 1.221204434864243922e+02
2.099973730955982631e+01 8.088935866909099559e+01 1.213791012057678103e+02
2.044564486049167584e+01 8.119802239421679246e+01 1.207076591418956468e+02
1.989768365373024750e+01 8.150295985375512942e+01 1.201061172948079161e+02
1.935585368927552707e+01 8.180417104770594960e+01 1.195744756645046039e+02
1.882015496712751812e+01 8.210165597606925303e+01 1.191127342509856675e+02
1.829058748728622064e+01 8.239541463884503969e+01 1.187208930542511638e+02
1.776715124975164173e+01 8.268544703603336643e+01 1.183989520743010928e+02
1.724984625452377429e+01 8.297175316763417641e+01 1.181469113111354545e+02
1.673867250160261477e+01 8.325433303364749804e+01 1.179647707647542063e+02
1.623362999098817028e+01 8.353318663407330291e+01 1.178525304351573482e+02
1.573471872268044081e+01 8.380831396891161944e+01 1.178101903223449369e+02
1.524193869667942103e+01 8.407971503816243342e+01 1.178377504263169442e+02
1.475528991298511627e+01 8.434738984182574484e+01 1.179352107470733415e+02
1.427477237159752654e+01 8.461133837990155371e+01 1.181025712846141857e+02
1.380038607251664651e+01 8.487156065238986002e+01 1.183398320389394485e+02
1.333213101574247972e+01 8.512805665929067800e+01 1.186469930100491013e+02
1.287000720127502795e+01 8.538082640060399342e+01 1.190240541979431725e+02
1.241401462911428766e+01 8.562986987632980629e+01 1.194710156026216623e+02
2.195934521344848633e+01 8.130090411154245089e+01 1.241227691663470978e+02
2.140194467250638866e+01 8.155574721692960338e+01 1.232440697727886061e+02
2.085065682889063510e+01 8.180759000835581674e+01 1.224358004079662550e+02
2.030548168260121855e+01 8.205643248582106253e+01 1.216979610718800870e+02
1.976641923363815323e+01 8.230227464932536918e+01 1.210305517645301165e+02
1.923346948200142492e+01 8.254511649886873670e+01 1.204335724859163292e+02
1.870663242769103718e+01 8.278495803445115087e+01 1.199070232360386683e+02
1.818590807070699356e+01 8.302179925607261168e+01 1.194509040148972190e+02
1.767129641104929405e+01 8.325564016373313336e+01 1.190652148224919529e+02
1.716279744871793866e+01 8.348648075743270169e+01 1.187499556588228700e+02
1.666041118371292029e+01 8.371432103717131668e+01 1.185051265238899418e+02
1.616413761603424604e+01 8.393916100294899252e+01 1.183307274176932253e+02
1.567397674568191590e+01 8.416100065476570080e+01 1.182267583402326494e+02
1.518992857265592811e+01 8.437983999262148416e+01 1.181932192915082709e+02
1.471199309695628266e+01 8.459567901651629995e+01 1.182301102715200471e+02
1.424017031858298132e+01 8.480851772645019082e+01 1.183374312802680208e+02
1.377446023753602056e+01 8.501835612242311413e+01 1.185151823177521635e+02
1.331486285381540213e+01 8.522519420443509830e+01 1.187633633839724894e+02
1.286137816742112605e+01 8.542903197248612912e+01 1.190819744789289985e+02
1.241400617835319409e+01 8.562986942657620659e+01 1.194710156026216907e+02
2.167076350877509583e+01 8.236845034212399241e+01 1.252963492556752385e+02
2.112907833336038976e+01 8.256030330706762754e+01 1.243513659679236127e+02
2.059344724784452652e+01 8.274991189833745864e+01 1.234773145445826685e+02
2.006387025222750253e+01 8.293727611593354254e+01 1.226741949856523775e+02
1.954034734650933558e+01 8.312239595985585083e+01 1.219420072911328390e+02
1.902287853069001144e+01 8.330527143010439772e+01 1.212807514610239821e+02
1.851146380476952658e+01 8.348590252667914058e+01 1.206904274953257499e+02
1.800610316874788808e+01 8.366428924958009361e+01 1.201710353940382419e+02
1.750679662262509595e+01 8.384043159880729945e+01 1.197225751571614296e+02
1.701354416640115019e+01 8.401432957436072968e+01 1.193450467846952989e+02
1.652634580007604725e+01 8.418598317624035587e+01 1.190384502766398498e+02
1.604520152364979069e+01 8.435539240444623488e+01 1.188027856329950822e+02
1.557011133712237694e+01 8.452255725897829564e+01 1.186380528537610104e+02
1.510107524049380956e+01 8.468747773983662341e+01 1.185442519389376201e+02
1.463809323376409033e+01 8.485015384702114716e+01 1.185213828885248972e+02
1.418116531693321392e+01 8.501058558053190950e+01 1.185694457025228843e+02
1.373029149000118210e+01 8.516877294036888202e+01 1.186884403809315529e+02
1.328547175296799310e+01 8.532471592653209314e+01 1.188783669237509173e+02
1.284670610583365224e+01 8.547841453902151443e+01 1.191392253309809490e+02
1.241399454859815421e+01 8.562986877783717432e+01 1.194710156026216907e+02
2.126057082059608661e+01 8.346349111382147612e+01 1.264524262518497579e+02
2.074136198349668447e+01 8.359063694879172601e+01 1.254423320718294264e+02
2.022810856642150412e+01 8.371632433903597814e+01 1.245036436156170367e+02
1.972081056937053845e+01 8.384055328455426093e+01 1.236363608832125607e+02
1.921946799234380165e+01 8.396332378534656016e+01 1.228404838746160834e+02
1.872408083534128309e+01 8.408463584141287583e+01 1.221160125898275481e+02
1.823464909836298276e+01 8.420448945275319375e+01 1.214629470288468838e+02
1.775117278140890065e+01 8.432288461936751389e+01 1.208812871916742182e+02
1.727365188447904742e+01 8.443982134125587891e+01 1.203710330783094946e+02
1.680208640757340888e+01 8.455529961841823194e+01 1.199321846887527130e+02
1.633647635069199211e+01 8.466931945085461564e+01 1.195647420230038591e+02
1.587682171383479712e+01 8.478188083856501578e+01 1.192687050810629472e+02
1.542312249700182214e+01 8.489298378154940394e+01 1.190440738629300057e+02
1.497537870019306716e+01 8.500262827980783698e+01 1.188908483686049777e+02
1.453359032340853396e+01 8.511081433334025803e+01 1.188090285980878917e+02
1.409775736664822254e+01 8.521754194214670974e+01 1.187986145513787761e+02
1.366787982991212935e+01 8.532281110622717790e+01 1.188596062284775883e+02
1.324395771320025617e+01 8.542662182558164830e+01 1.189920036293843424e+02
1.282599101651260476e+01 8.552897410021014935e+01 1.191958067540990385e+02
1.241397973984917513e+01 8.562986793011265263e+01 1.194710156026216907e+02
