2.650000000000000000e+02 2.740000000000000000e+02 1.070000000000000000e+02
2.652393819035204956e+02 2.727432450065174976e+02 1.064767849396486383e+02
2.654755576306263833e+02 2.715033224392113880e+02 1.060117048860029740e+02
2.657085271813177769e+02 2.702802322980816143e+02 1.056047598390629929e+02
2.659382905555946195e+02 2.690739745831284040e+02 1.052559497988287660e+02
2.661648477534569111e+02 2.678845492943516433e+02 1.049652747653002365e+02
2.663881987749045379e+02 2.667119564317511617e+02 1.047327347384774043e+02
2.666083436199376706e+02 2.655561959953271298e+02 1.045583297183602696e+02
2.668252822885562523e+02 2.644172679850796044e+02 1.044420597049488606e+02
2.670390147807603398e+02 2.632951724010084718e+02 1.043839246982431632e+02
2.672495410965497626e+02 2.621899092431136751e+02 1.043839246982431490e+02
2.674568612359246913e+02 2.611014785113953849e+02 1.044420597049488606e+02
2.676609751988850689e+02 2.600298802058534875e+02 1.045583297183602696e+02
2.678618829854308387e+02 2.589751143264879829e+02 1.047327347384774043e+02
2.680595845955621144e+02 2.579371808732989848e+02 1.049652747653002223e+02
2.682540800292788390e+02 2.569160798462863227e+02 1.052559497988287660e+02
2.684453692865808989e+02 2.559118112454501102e+02 1.056047598390630071e+02
2.686334523674685215e+02 2.549243750707903189e+02 1.060117048860029740e+02
2.688183292719415363e+02 2.539537713223069204e+02 1.064767849396486241e+02
2.690000000000000000e+02 2.530000000000000000e+02 1.070000000000000000e+02
2.623773414081949795e+02 2.729805438072179413e+02 1.092253567996234835e+02
2.627653392567320338e+02 2.717620059328227171e+02 1.088947273309418335e+02
2.631489552709317650e+02 2.705620158740275656e+02 1.085878206874375280e+02
2.635281894507941161e+02 2.693805736308323162e+02 1.083046368691105528e+02
2.639030417963190303e+02 2.682176792032373100e+02 1.080451758759610073e+02
2.642735123075066213e+02 2.670733325912424903e+02 1.078094377079887778e+02
2.646396009843567754e+02 2.659475337948474589e+02 1.075974223651939070e+02
2.650013078268695494e+02 2.648402828140526140e+02 1.074091298475763665e+02
2.653586328350448866e+02 2.637515796488578985e+02 1.072445601551362131e+02
2.657115760088830143e+02 2.626814242992632558e+02 1.071037132878734326e+02
2.660601373483835914e+02 2.616298167652686288e+02 1.069865892457879681e+02
2.664043168535468453e+02 2.605967570468740746e+02 1.068931880288798766e+02
2.667441145243727192e+02 2.595822451440796499e+02 1.068235096371491437e+02
2.670795303608611562e+02 2.585862810568851842e+02 1.067775540705957837e+02
2.674105643630123268e+02 2.576088647852909048e+02 1.067553213292197398e+02
2.677372165308260037e+02 2.566499963292966981e+02 1.067568114130210972e+02
2.680594868643023005e+02 2.557096756889024789e+02 1.067820243219997849e+02
2.683773753634412174e+02 2.547879028641083892e+02 1.068309600561558597e+02
2.686908820282427541e+02 2.538846778549143153e+02 1.069036186154892505e+02
2.690000068587069109e+02 2.530000006613203993e+02 1.070000000000000284e+02
2.598730875647260063e+02 2.716824052933631606e+02 1.112115357513991114e+02
2.604051742912516829e+02 2.705257571642277981e+02 1.110534233035618854e+02
2.609315140924969114e+02 2.693883716680693965e+02 1.108882500414410543e+02
2.614521069684616350e+02 2.682702488048880127e+02 1.107160159650366467e+02
2.619669529191459674e+02 2.671713885746837036e+02 1.105367210743486908e+02
2.624760519445497948e+02 2.660917909774564123e+02 1.103503653693771582e+02
2.629794040446730037e+02 2.650314560132060819e+02 1.101569488501220349e+02
2.634770092195158782e+02 2.639903836819327694e+02 1.099564715165833206e+02
2.639688674690782477e+02 2.629685739836365883e+02 1.097489333687610724e+02
2.644549787933602261e+02 2.619660269183173114e+02 1.095343344066552191e+02
2.649353431923615858e+02 2.609827424859750522e+02 1.093126746302657892e+02
2.654099606660825543e+02 2.600187206866098109e+02 1.090839540395927827e+02
2.658788312145230748e+02 2.590739615202216442e+02 1.088481726346361853e+02
2.663419548376830903e+02 2.581484649868104384e+02 1.086053304153960539e+02
2.667993315355626009e+02 2.572422310863762505e+02 1.083554273818723033e+02
2.672509613081617204e+02 2.563552598189191372e+02 1.080984635340650044e+02
2.676968441554802780e+02 2.554875511844389848e+02 1.078344388719741289e+02
2.681369800775183876e+02 2.546391051829359071e+02 1.075633533955996768e+02
2.685713690742760491e+02 2.538099218144097620e+02 1.072852071049416196e+02
2.690000111457532057e+02 2.530000010788606915e+02 1.070000000000000142e+02
2.574872384695932510e+02 2.701055844584357146e+02 1.129585368553269120e+02
2.581588870070795565e+02 2.690344987007327973e+02 1.129528728575088223e+02
2.588232340953219364e+02 2.679823898213371081e+02 1.129129929480136099e+02
2.594802797343205611e+02 2.669492578202487039e+02 1.128388971268412746e+02
2.601300239240754308e+02 2.659351026974675847e+02 1.127305853939919018e+02
2.607724666645864318e+02 2.649399244529937505e+02 1.125880577494654204e+02
2.614076079558535639e+02 2.639637230868270876e+02 1.124113141932618447e+02
2.620354477978768273e+02 2.630064985989676529e+02 1.122003547253811604e+02
2.626559861906563356e+02 2.620682509894155601e+02 1.119551793458234243e+02
2.632692231341920888e+02 2.611489802581706954e+02 1.116757880545885797e+02
2.638751586284839732e+02 2.602486864052330588e+02 1.113621808516766123e+02
2.644737926735320457e+02 2.593673694306027073e+02 1.110143577370875931e+02
2.650651252693362494e+02 2.585050293342796408e+02 1.106323187108214512e+02
2.656491564158966980e+02 2.576616661162637456e+02 1.102160637728782433e+02
2.662258861132132779e+02 2.568372797765551923e+02 1.097655929232579410e+02
2.667953143612861027e+02 2.560318703151538671e+02 1.092809061619605444e+02
2.673574411601150587e+02 2.552454377320597700e+02 1.087620034889860392e+02
2.679122665097002027e+02 2.544779820272729580e+02 1.082088849043344823e+02
2.684597904100414780e+02 2.537295032007934026e+02 1.076215504080057741e+02
2.690000128611389982e+02 2.530000012526210753e+02 1.070000000000000284e+02
2.552197941227966567e+02 2.682500813024355466e+02 1.144663601114068854e+02
2.560264774042154272e+02 2.672882305423377147e+02 1.145930759927826159e+02
2.568241152794068398e+02 2.663440703338306434e+02 1.146620494071551235e+02
2.576127077483707808e+02 2.654176006769142759e+02 1.146732803545244366e+02
2.583922548111073638e+02 2.645088215715888964e+02 1.146267688348905978e+02
2.591627564676164184e+02 2.636177330178542206e+02 1.145225148482535502e+02
2.599242127178980581e+02 2.627443350157103055e+02 1.143605183946133081e+02
2.606766235619523400e+02 2.618886275651571509e+02 1.141407794739698573e+02
2.614199889997792070e+02 2.610506106661948706e+02 1.138632980863232689e+02
2.621543090313786024e+02 2.602302843188234078e+02 1.135280742316734717e+02
2.628795836567505262e+02 2.594276485230426488e+02 1.131351079100204657e+02
2.635958128758950920e+02 2.586427032788527072e+02 1.126843991213642795e+02
2.643029966888122431e+02 2.578754485862535262e+02 1.121759478657049272e+02
2.650011350955019225e+02 2.571258844452451058e+02 1.116097541430423519e+02
2.656902280959641871e+02 2.563940108558275597e+02 1.109858179533765963e+02
2.663702756901990938e+02 2.556798278180007742e+02 1.103041392967076746e+02
2.670412778782064720e+02 2.549833353317647209e+02 1.095647181730355300e+02
2.677032346599864923e+02 2.543045333971194850e+02 1.087675545823602192e+02
2.683561460355389841e+02 2.536434220140650666e+02 1.079126485246817140e+02
2.690000120048641747e+02 2.530000011826014372e+02 1.070000000000000000e+02
2.530707545243361665e+02 2.661158958253625997e+02 1.157350055196390599e+02
2.540079454826595224e+02 2.652869526890424936e+02 1.159740327093832946e+02
2.549341576447515649e+02 2.644734132055499458e+02 1.161354194188656521e+02
2.558493910106122655e+02 2.636752773748849563e+02 1.162191656480861184e+02
2.567536455802418232e+02 2.628925451970476956e+02 1.162252713970447928e+02
2.576469213536399820e+02 2.621252166720380501e+02 1.161537366657415475e+02
2.585292183308068275e+02 2.613732917998559060e+02 1.160045614541764394e+02
2.594005365117423594e+02 2.606367705805014339e+02 1.157777457623494541e+02
2.602608758964466915e+02 2.599156530139746337e+02 1.154732895902606344e+02
2.611102364849197102e+02 2.592099391002753919e+02 1.150911929379099092e+02
2.619486182771614153e+02 2.585196288394037083e+02 1.146314558052973211e+02
2.627760212731718639e+02 2.578447222313596967e+02 1.140940781924228986e+02
2.635924454729509989e+02 2.571852192761433571e+02 1.134790600992865421e+02
2.643978908764988205e+02 2.565411199737545758e+02 1.127864015258883796e+02
2.651923574838153854e+02 2.559124243241934096e+02 1.120161024722283116e+02
2.659758452949006937e+02 2.552991323274598585e+02 1.111681629383064092e+02
2.667483543097546317e+02 2.547012439835538942e+02 1.102425829241226154e+02
2.675098845283772562e+02 2.541187592924756018e+02 1.092393624296769588e+02
2.682604359507686240e+02 2.535516782542249246e+02 1.081585014549693966e+02
2.690000085769287921e+02 2.530000008688018340e+02 1.070000000000000284e+02
2.510401196742118941e+02 2.637030280272171012e+02 1.167644730800233503e+02
2.521032912424117285e+02 2.630306651408471907e+02 1.170957430073108299e+02
2.531533611913561685e+02 2.623704184364950152e+02 1.173331029831451815e+02
2.541903295210451006e+02 2.617222879141605745e+02 1.174765530075263626e+02
2.552141962314787520e+02 2.610862735738439824e+02 1.175260930804544728e+02
2.562249613226569522e+02 2.604623754155450683e+02 1.174817232019294124e+02
2.572226247945797013e+02 2.598505934392638324e+02 1.173434433719512242e+02
2.582071866472469992e+02 2.592509276450003313e+02 1.171112535905199081e+02
2.591786468806589596e+02 2.586633780327546219e+02 1.167851538576354926e+02
2.601370054948155257e+02 2.580879446025267043e+02 1.163651441732979208e+02
2.610822624897165269e+02 2.575246273543164079e+02 1.158512245375072069e+02
2.620144178653622475e+02 2.569734262881238465e+02 1.152433949502633794e+02
2.629334716217525738e+02 2.564343414039491336e+02 1.145416554115664098e+02
2.638394237588873921e+02 2.559073727017920703e+02 1.137460059214162982e+02
2.647322742767668160e+02 2.553925201816527419e+02 1.128564464798130871e+02
2.656120231753909025e+02 2.548897838435312053e+02 1.118729770867567481e+02
2.664786704547594809e+02 2.543991636874273183e+02 1.107955977422472529e+02
2.673322161148727218e+02 2.539206597133412515e+02 1.096243084462846582e+02
2.681726601557303979e+02 2.534542719212728628e+02 1.083591091988688788e+02
2.690000025773327934e+02 2.530000003112222657e+02 1.070000000000000142e+02
2.491521895048417150e+02 2.610408896652744488e+02 1.175426732234574558e+02
2.503349147456887351e+02 2.605458013905811754e+02 1.179448849931778511e+02
2.515022951063637322e+02 2.600587001750201921e+02 1.182407535064763380e+02
2.526543305868665925e+02 2.595795860185915558e+02 1.184302787633529022e+02
2.537910211871974866e+02 2.591084589212953233e+02 1.185134607638076147e+02
2.549123669073563860e+02 2.586453188831314378e+02 1.184902995078404047e+02
2.560183677473431203e+02 2.581901659040997856e+02 1.183607949954513003e+02
2.571090237071578031e+02 2.577429999842005373e+02 1.181249472266402734e+02
2.581843347868005480e+02 2.573038211234335790e+02 1.177827562014073806e+02
2.592443009862711847e+02 2.568726293217990246e+02 1.173342219197525793e+02
2.602889223055697698e+02 2.564494245792968172e+02 1.167793443816758554e+02
2.613181987446963603e+02 2.560342068959269000e+02 1.161181235871772657e+02
2.623321303036508425e+02 2.556269762716893865e+02 1.153505595362567533e+02
2.633307169824332732e+02 2.552277327065841348e+02 1.144766522289143325e+02
2.643139587810437092e+02 2.548364762006112585e+02 1.134964016651500316e+02
2.652818556994820938e+02 2.544532067537707860e+02 1.124098078449638365e+02
2.662344077377483131e+02 2.540779243660625468e+02 1.112168707683557329e+02
2.671716148958426515e+02 2.537106290374867115e+02 1.099175904353257351e+02
2.680934771737648248e+02 2.533513207680432231e+02 1.085119668458738147e+02
2.689999945715150602e+02 2.529999995577320817e+02 1.070000000000000142e+02
2.476498045771234047e+02 2.584234061509706635e+02 1.179487892459545293e+02
2.489266702641516815e+02 2.580965236636679379e+02 1.183883267715214913e+02
2.501865168726976094e+02 2.577742456219469886e+02 1.187149987869613881e+02
2.514293444027610462e+02 2.574565720258078727e+02 1.189288052922742054e+02
2.526551528543421625e+02 2.571435028752507606e+02 1.190297462874600143e+02
2.538639422274408446e+02 2.568350381702753111e+02 1.190178217725187579e+02
2.550557125220570924e+02 2.565311779108816950e+02 1.188930317474504221e+02
2.562304637381909060e+02 2.562319220970699689e+02 1.186553762122550211e+02
2.573881958758423707e+02 2.559372707288401045e+02 1.183048551669325974e+02
2.585289089350113727e+02 2.556472238061921018e+02 1.178414686114831085e+02
2.596526029156979689e+02 2.553617813291258187e+02 1.172652165459065401e+02
2.607592778179022162e+02 2.550809432976414541e+02 1.165760989702029491e+02
2.618489336416240008e+02 2.548047097117389512e+02 1.157741158843722644e+02
2.629215703868633227e+02 2.545330805714182247e+02 1.148592672884145145e+02
2.639771880536202957e+02 2.542660558766793883e+02 1.138315531823297562e+02
2.650157866418949197e+02 2.540036356275223852e+02 1.126909735661179326e+02
2.660373661516870243e+02 2.537458198239471585e+02 1.114375284397790296e+02
2.670419265829967799e+02 2.534926084659538503e+02 1.100712178033130755e+02
2.680294679358240728e+02 2.532440015535423470e+02 1.085920416567200562e+02
2.689999902101690168e+02 2.529999990867127053e+02 1.070000000000000142e+02
2.465955344466786983e+02 2.559263094061540187e+02 1.179516918853675236e+02
2.479362354042519598e+02 2.557508951905485901e+02 1.183917659856539757e+02
2.492589898022267221e+02 2.555778585171171926e+02 1.187188979819005965e+02
2.505637976406030134e+02 2.554071993858598830e+02 1.189330878741073718e+02
2.518506589193809475e+02 2.552389177967768319e+02 1.190343356622743585e+02
2.531195736385604107e+02 2.550730137498678118e+02 1.190226413464015280e+02
2.543705417981414030e+02 2.549094872451328797e+02 1.188980049264888237e+02
2.556035633981238959e+02 2.547483382825720071e+02 1.186604264025363307e+02
2.568186384385080601e+02 2.545895668621852792e+02 1.183099057745440206e+02
2.580157669192936396e+02 2.544331729839727245e+02 1.178464430425118792e+02
2.591949488404808335e+02 2.542791566479341441e+02 1.172700382064398923e+02
2.603561842020695849e+02 2.541275178540697652e+02 1.165806912663280883e+02
2.614994730040598370e+02 2.539782566023795312e+02 1.157784022221764673e+02
2.626248152464517034e+02 2.538313728928633282e+02 1.148631710739850149e+02
2.637322109292450705e+02 2.536868667255212415e+02 1.138349978217537455e+02
2.648216600524399951e+02 2.535447381003532712e+02 1.126938824654826590e+02
2.658931626160364772e+02 2.534049870173593888e+02 1.114398250051717127e+02
2.669467186200345168e+02 2.532676134765396512e+02 1.100728254408209779e+02
2.679823280644341139e+02 2.531326174778940015e+02 1.085928837724303975e+02
2.689999909492352685e+02 2.529999990214224681e+02 1.070000000000000284e+02
2.459893791135075958e+02 2.535495994308244008e+02 1.175513811416964245e+02
2.473636101659894280e+02 2.535089159712229900e+02 1.179552026355752901e+02
2.487197138949510702e+02 2.534695388605307187e+02 1.182524510912939490e+02
2.500576903003924940e+02 2.534314680987475299e+02 1.184431265088523446e+02
2.513775393823138415e+02 2.533947036858735942e+02 1.185272288882506331e+02
2.526792611407150275e+02 2.533592456219087694e+02 1.185047582294887007e+02
2.539628555755960235e+02 2.533250939068530556e+02 1.183757145325665192e+02
2.552283226869568011e+02 2.532922485407065096e+02 1.181400977974841737e+02
2.564756624747975025e+02 2.532607095234691030e+02 1.177979080242416217e+02
2.577048749391179854e+02 2.532304768551408927e+02 1.173491452128388488e+02
2.589159600799183067e+02 2.532015505357217648e+02 1.167938093632758552e+02
2.601089178971984097e+02 2.531739305652117764e+02 1.161319004755527118e+02
2.612837483909584080e+02 2.531476169436109842e+02 1.153634185496693192e+02
2.624404515611981878e+02 2.531226096709193030e+02 1.144883635856257342e+02
2.635790274079178630e+02 2.530989087471368180e+02 1.135067355834219569e+02
2.646994759311173766e+02 2.530765141722634439e+02 1.124185345430580014e+02
2.658017971307966718e+02 2.530554259462991240e+02 1.112237604645337967e+02
2.668859910069558623e+02 2.530356440692440856e+02 1.099224133478494139e+02
2.679520575595947776e+02 2.530171685410981581e+02 1.085144931930047960e+02
2.689999967887136449e+02 2.529999993618613416e+02 1.070000000000000000e+02
2.458098651077355896e+02 2.512903823918447870e+02 1.167684070046873615e+02
2.471889448148612303e+02 2.513687910115637294e+02 1.171011226764081954e+02
2.485504083093372856e+02 2.514484853266143602e+02 1.173397447529981150e+02
2.498942555911637271e+02 2.515294653369967079e+02 1.174842732344571061e+02
2.512204866603408107e+02 2.516117310427108862e+02 1.175347081207852682e+02
2.525291015168682804e+02 2.516952824437567529e+02 1.174910494119825017e+02
2.538201001607461365e+02 2.517801195401342795e+02 1.173532971080488494e+02
2.550934825919744355e+02 2.518662423318435515e+02 1.171214512089842827e+02
2.563492488105533198e+02 2.519536508188845403e+02 1.167955117147888586e+02
2.575873988164824482e+02 2.520423450012573596e+02 1.163754786254625202e+02
2.588079326097621902e+02 2.521323248789617537e+02 1.158613519410052817e+02
2.600108501903924321e+02 2.522235904519979499e+02 1.152531316614171715e+02
2.611961515583729465e+02 2.523161417203658914e+02 1.145508177866981470e+02
2.623638367137040746e+02 2.524099786840654929e+02 1.137544103168482224e+02
2.635139056563855320e+02 2.525051013430969249e+02 1.128639092518674261e+02
2.646463583864175462e+02 2.526015096974599601e+02 1.118793145917557439e+02
2.657611949038000034e+02 2.526992037471547690e+02 1.108006263365131474e+02
2.668584152085329038e+02 2.527981834921813800e+02 1.096278444861396508e+02
2.679380193006161903e+02 2.528984489325396225e+02 1.083609690406352541e+02
2.690000071800499768e+02 2.530000000682295820e+02 1.070000000000000000e+02
2.458125312122274977e+02 2.491157139176264081e+02 1.158367174825027774e+02
2.471862632843651397e+02 2.493100854935511848e+02 1.160855137985400347e+02
2.485429577851312217e+02 2.495055753550153383e+02 1.162549893690380145e+02
2.498826147145258290e+02 2.497021835020188405e+02 1.163451441939967452e+02
2.512052340725490467e+02 2.498999099345618617e+02 1.163559782734162695e+02
2.525108158592007612e+02 2.500987546526442316e+02 1.162874916072965590e+02
2.537993600744809726e+02 2.502987176562659499e+02 1.161396841956375852e+02
2.550708667183896239e+02 2.504997989454271021e+02 1.159125560384393623e+02
2.563253357909268857e+02 2.507019985201276597e+02 1.156061071357019188e+02
2.575627672920925875e+02 2.509053163803676227e+02 1.152203374874252262e+02
2.587831612218868713e+02 2.511097525261469343e+02 1.147552470936092703e+02
2.599865175803096236e+02 2.513153069574657081e+02 1.142108359542541081e+02
2.611728363673609010e+02 2.515219796743238874e+02 1.135871040693596825e+02
2.623421175830406469e+02 2.517297706767213867e+02 1.128840514389260079e+02
2.634943612273489748e+02 2.519386799646583768e+02 1.121016780629531127e+02
2.646295673002858848e+02 2.521487075381346870e+02 1.112399839414409826e+02
2.657477358018512632e+02 2.523598533971504025e+02 1.102989690743895892e+02
2.668488667320451100e+02 2.525721175417055520e+02 1.092786334617989610e+02
2.679329600908674252e+02 2.527854999718000784e+02 1.081789771036690979e+02
2.690000158783183224e+02 2.530000006874340670e+02 1.069999999999999858e+02
2.459283689615882622e+02 2.470162942077617174e+02 1.148223532879178208e+02
2.472917752451062654e+02 2.473270309134991862e+02 1.149806382523213415e+02
2.486386138840173317e+02 2.476382337565162004e+02 1.150755912423881142e+02
2.499688848783214894e+02 2.479499027368126747e+02 1.151072122581180963e+02
2.512825882280188807e+02 2.482620378543887796e+02 1.150755012995114015e+02
2.525797239331092783e+02 2.485746391092443730e+02 1.149804583665679303e+02
2.538602919935927673e+02 2.488877065013794265e+02 1.148220834592876827e+02
2.551242924094693763e+02 2.492012400307940254e+02 1.146003765776706871e+02
2.563717251807391335e+02 2.495152396974881412e+02 1.143153377217169577e+02
2.576025903074018970e+02 2.498297055014618309e+02 1.139669668914264520e+02
2.588168877894578941e+02 2.501446374427149806e+02 1.135552640867991983e+02
2.600146176269068974e+02 2.504600355212476188e+02 1.130802293078351966e+02
2.611957798197490774e+02 2.507758997370598593e+02 1.125418625545344185e+02
2.623603743679842637e+02 2.510922300901515882e+02 1.119401638268969066e+02
2.635084012716126267e+02 2.514090265805228341e+02 1.112751331249226325e+02
2.646398605306341665e+02 2.517262892081735970e+02 1.105467704486116389e+02
2.657547521450487693e+02 2.520440179731038484e+02 1.097550757979638405e+02
2.668530761148563784e+02 2.523622128753136735e+02 1.089000491729793083e+02
2.679348324400571641e+02 2.526808739148030156e+02 1.079816905736580281e+02
2.690000211206510699e+02 2.530000010915718462e+02 1.070000000000000000e+02
2.461573783558179969e+02 2.449921232622506579e+02 1.137253144209324489e+02
2.475054806970847210e+02 2.454196272714077622e+02 1.137864960377521726e+02
2.488373766059955869e+02 2.458464605311169748e+02 1.138015503730484284e+02
2.501530660825507084e+02 2.462726230413782105e+02 1.137704774268212446e+02
2.514525491267501707e+02 2.466981148021916397e+02 1.136932771990706641e+02
2.527358257385938032e+02 2.471229358135571488e+02 1.135699496897966583e+02
2.540028959180816059e+02 2.475470860754746525e+02 1.134004948989991988e+02
2.552537596652136358e+02 2.479705655879442929e+02 1.131849128266782998e+02
2.564884169799899496e+02 2.483933743509660417e+02 1.129232034728339613e+02
2.577068678624104905e+02 2.488155123645398987e+02 1.126153668374662402e+02
2.589091123124752585e+02 2.492369796286657788e+02 1.122614029205750512e+02
2.600951503301841967e+02 2.496577761433437956e+02 1.118613117221604227e+02
2.612649819155374189e+02 2.500779019085739208e+02 1.114150932422223832e+02
2.624186070685348682e+02 2.504973569243560689e+02 1.109227474807609042e+02
2.635560257891764877e+02 2.509161411906903538e+02 1.103842744377759857e+02
2.646772380774624480e+02 2.513342547075767186e+02 1.097996741132676846e+02
2.657822439333925217e+02 2.517516974750151633e+02 1.091689465072358871e+02
2.668710433569668226e+02 2.521684694930057731e+02 1.084920916196807070e+02
2.679436363481854642e+02 2.525845707615483775e+02 1.077691094506020590e+02
2.690000229070482760e+02 2.530000012806430902e+02 1.070000000000000000e+02
2.464995593949165595e+02 2.430432010810932297e+02 1.125456008815467328e+02
2.478273796403003644e+02 2.435878745672768559e+02 1.125030871548324853e+02
2.491392459510660160e+02 2.441302556788175764e+02 1.124328667610189285e+02
2.504351583272134576e+02 2.446703444157153911e+02 1.123349397001061050e+02
2.517151167687429165e+02 2.452081407779704136e+02 1.122093059720940431e+02
2.529791212756542791e+02 2.457436447655824736e+02 1.120559655769826861e+02
2.542271718479474316e+02 2.462768563785516562e+02 1.118749185147720766e+02
2.554592684856224309e+02 2.468077756168779047e+02 1.116661647854621435e+02
2.566754111886794476e+02 2.473364024805612758e+02 1.114297043890529721e+02
2.578755999571181974e+02 2.478627369696018263e+02 1.111655373255445340e+02
2.590598347909389076e+02 2.483867790839993859e+02 1.108736635949368008e+02
2.602281156901414647e+02 2.489085288237540681e+02 1.105540831972298292e+02
2.613804426547259254e+02 2.494279861888659298e+02 1.102067961324235341e+02
2.625168156846922329e+02 2.499451511793348573e+02 1.098318024005179865e+02
2.636372347800404441e+02 2.504600237951609074e+02 1.094291020015131721e+02
2.647416999407706157e+02 2.509726040363440234e+02 1.089986949354091053e+02
2.658302111668825773e+02 2.514828919028842620e+02 1.085405812022057290e+02
2.669027684583764426e+02 2.519908873947816232e+02 1.080547608019030861e+02
2.679593718152521546e+02 2.524965905120361072e+02 1.075412337345011622e+02
2.690000212375097703e+02 2.530000012546476853e+02 1.069999999999999858e+02
2.469549120788841208e+02 2.411695276642894612e+02 1.112832126697606299e+02
2.482574720747533092e+02 2.418317728011065242e+02 1.111304116035622940e+02
2.495442219192285904e+02 2.424896191996181471e+02 1.109695404062996431e+02
2.508151616123098506e+02 2.431430668598243017e+02 1.108005990779727199e+02
2.520702911539972888e+02 2.437921157817251583e+02 1.106235876185815528e+02
2.533096105442907913e+02 2.444367659653204896e+02 1.104385060281260991e+02
2.545331197831902728e+02 2.450770174106103809e+02 1.102453543066063446e+02
2.557408188706958185e+02 2.457128701175948891e+02 1.100441324540222894e+02
2.569327078068075139e+02 2.463443240862739572e+02 1.098348404703739902e+02
2.581087865915252451e+02 2.469713793166476421e+02 1.096174783556614187e+02
2.592690552248489553e+02 2.475940358087158302e+02 1.093920461098845180e+02
2.604135137067788150e+02 2.482122935624786351e+02 1.091585437330433876e+02
2.615421620373147107e+02 2.488261525779359999e+02 1.089169712251379138e+02
2.626550002164566422e+02 2.494356128550879248e+02 1.086673285861682103e+02
2.637520282442046664e+02 2.500406743939344665e+02 1.084096158161342203e+02
2.648332461205587833e+02 2.506413371944755966e+02 1.081438329150359436e+02
2.658986538455189361e+02 2.512376012567112582e+02 1.078699798828733663e+02
2.669482514190851816e+02 2.518294665806415082e+02 1.075880567196465165e+02
2.679820388412574061e+02 2.524169331662663183e+02 1.072980634253554086e+02
2.690000161120357802e+02 2.530000010135857167e+02 1.070000000000000000e+02
2.475234364077205100e+02 2.393711030118393523e+02 1.099381497855741259e+02
2.487957580004435272e+02 2.401513219728967101e+02 1.096684693839415843e+02
2.500523045104833102e+02 2.409245510935185735e+02 1.094115713088905579e+02
2.512930759378397738e+02 2.416907903737048855e+02 1.091674555604210752e+02
2.525180722825131170e+02 2.424500398134557884e+02 1.089361221385331646e+02
2.537272935445032829e+02 2.432022994127711399e+02 1.087175710432268261e+02
2.549207397238101294e+02 2.439475691716509118e+02 1.085118022745020028e+02
2.560984108204337417e+02 2.446858490900951892e+02 1.083188158323586947e+02
2.572603068343742052e+02 2.454171391681040291e+02 1.081386117167969729e+02
2.584064277656314061e+02 2.461414394056773176e+02 1.079711899278167948e+02
2.595367736142054014e+02 2.468587498028150549e+02 1.078165504654181461e+02
2.606513443800961340e+02 2.475690703595173545e+02 1.076746933296010695e+02
2.617501400633036610e+02 2.482724010757841029e+02 1.075456185203655082e+02
2.628331606638279823e+02 2.489687419516153284e+02 1.074293260377115189e+02
2.639004061816690410e+02 2.496580929870110594e+02 1.073258158816390591e+02
2.649518766168269508e+02 2.503404541819712961e+02 1.072350880521481713e+02
2.659875719693015412e+02 2.510158255364960098e+02 1.071571425492387988e+02
2.670074922390929828e+02 2.516842070505852007e+02 1.070919793729109983e+02
2.680116374262011618e+02 2.523455987242389256e+02 1.070395985231647273e+02
2.690000075306261351e+02 2.530000005574570991e+02 1.070000000000000000e+02
2.482051323814258126e+02 2.376479271237428463e+02 1.085104122289872635e+02
2.494422374173709613e+02 2.385465220826474706e+02 1.081172604959703705e+02
2.506634937248301185e+02 2.394350513605188553e+02 1.077589594687916730e+02
2.518689013038032556e+02 2.403135149573571425e+02 1.074355091474511710e+02
2.530584601542904863e+02 2.411819128731623323e+02 1.071469095319489213e+02
2.542321702762917539e+02 2.420402451079343678e+02 1.068931606222848529e+02
2.553900316698069730e+02 2.428885116616731921e+02 1.066742624184590227e+02
2.565320443348362005e+02 2.437267125343788337e+02 1.064902149204713595e+02
2.576582082713794648e+02 2.445548477260514346e+02 1.063410181283219345e+02
2.587685234794367943e+02 2.453729172366908529e+02 1.062266720420107333e+02
2.598629899590081322e+02 2.461809210662971168e+02 1.061471766615376850e+02
2.609416077100934785e+02 2.469788592148701980e+02 1.061025319869028891e+02
2.620043767326927764e+02 2.477667316824101817e+02 1.060927380181062887e+02
2.630512970268061963e+02 2.485445384689170112e+02 1.061177947551479122e+02
2.640823685924335678e+02 2.493122795743906863e+02 1.061777021980277311e+02
2.650975914295750044e+02 2.500699549988312071e+02 1.062724603467457882e+02
2.660969655382304495e+02 2.508175647422386021e+02 1.064020692013020124e+02
2.670804909183999030e+02 2.515551088046128427e+02 1.065665287616964747e+02
2.680481675700834217e+02 2.522825871859539006e+02 1.067658390279291325e+02
2.689999954932808919e+02 2.529999998862618611e+02 1.070000000000000000e+02
2.490000000000000000e+02 2.360000000000000000e+02 1.070000000000000000e+02
2.501969103255356686e+02 2.370173731303587203e+02 1.064767849396486383e+02
2.513777895622691005e+02 2.380211200006190495e+02 1.060117048860029740e+02
2.525426377102002675e+02 2.390112406107810727e+02 1.056047598390629929e+02
2.536914547693293400e+02 2.399877349608448185e+02 1.052559497988287660e+02
2.548242407396562044e+02 2.409506030508102015e+02 1.049652747653002365e+02
2.559409956211808037e+02 2.418998448806771933e+02 1.047327347384774185e+02
2.570417194139031380e+02 2.428354604504458223e+02 1.045583297183602696e+02
2.581264121178233495e+02 2.437574497601162307e+02 1.044420597049488748e+02
2.591950737329414096e+02 2.446658128096882763e+02 1.043839246982431774e+02
2.602477042592571479e+02 2.455605495991619307e+02 1.043839246982431490e+02
2.612843036967707349e+02 2.464416601285372792e+02 1.044420597049488748e+02
2.623048720454821137e+02 2.473091443978142934e+02 1.045583297183602696e+02
2.633094093053912843e+02 2.481630024069929732e+02 1.047327347384774043e+02
2.642979154764982468e+02 2.490032341560733187e+02 1.049652747653002365e+02
2.652703905588030580e+02 2.498298396450553298e+02 1.052559497988287802e+02
2.662268345523055473e+02 2.506428188739390066e+02 1.056047598390630213e+02
2.671672474570059421e+02 2.514421718427243491e+02 1.060117048860029740e+02
2.680916292729040720e+02 2.522278985514113288e+02 1.064767849396486241e+02
2.689999799999999937e+02 2.529999990000000025e+02 1.070000000000000000e+02
