7.626639127671950291e+00 9.776158470134313916e+01 1.150644416474293763e+02
8.116162807332727880e+00 9.652107607330592032e+01 1.148273992807614690e+02
8.579291227921119756e+00 9.534745603100832056e+01 1.146424643931688934e+02
9.016024389437129472e+00 9.424072457445033990e+01 1.145096369846516353e+02
9.426362291880757027e+00 9.320088170363202096e+01 1.144289170552097659e+02
9.810304935252004199e+00 9.222792741855333531e+01 1.144003046048431855e+02
1.016785231955086211e+01 9.132186171921422613e+01 1.144237996335519512e+02
1.049900444477733785e+01 9.048268460561479287e+01 1.144994021413360485e+02
1.080376131093143321e+01 8.971039607775497871e+01 1.146271121281955061e+02
1.108212291801314642e+01 8.900499613563481205e+01 1.148069295941303096e+02
1.133408926602247213e+01 8.836648477925425027e+01 1.150388545391404307e+02
1.155966035495941568e+01 8.779486200861333600e+01 1.153228869632258835e+02
1.175883618482397708e+01 8.729012782371204082e+01 1.156590268663866823e+02
1.193161675561615453e+01 8.685228222455037894e+01 1.160472742486228128e+02
1.207800206733594806e+01 8.648132521112833615e+01 1.164876291099342609e+02
1.219799211998336119e+01 8.617725678344595508e+01 1.169800914503210834e+02
1.229158691355838862e+01 8.594007694150317889e+01 1.175246612697832234e+02
1.235878644806103388e+01 8.576978568530003599e+01 1.181213385683207093e+02
1.239959072349129698e+01 8.566638301483652640e+01 1.187701233459335270e+02
1.241399973984917438e+01 8.562986893011265011e+01 1.194710156026216907e+02
7.587059533817965828e+00 9.718891993535795848e+01 1.129668429370848060e+02
8.079672937073942407e+00 9.600219474990751678e+01 1.126961031380187137e+02
8.545779280189028881e+00 9.487973113292646588e+01 1.124934816363080756e+02
8.985378563163223475e+00 9.382152908441484840e+01 1.123589784319529912e+02
9.398470785996533294e+00 9.282758860437262172e+01 1.122925935249534461e+02
9.785055948688954786e+00 9.189790969279984267e+01 1.122943269153093695e+02
1.014513405124048262e+01 9.103249234969641179e+01 1.123641786030208181e+02
1.047870509365112390e+01 9.023133657506244276e+01 1.125021485880877776e+02
1.078576907592087508e+01 8.949444236889785032e+01 1.127082368705102624e+02
1.106632599804973971e+01 8.882180973120270551e+01 1.129824434502882866e+02
1.132037586003771246e+01 8.821343866197695149e+01 1.133247683274218076e+02
1.154791866188479510e+01 8.766932916122060249e+01 1.137352115019108396e+02
1.174895440359099119e+01 8.718948122893367270e+01 1.142137729737553968e+02
1.192348308515629718e+01 8.677389486511614791e+01 1.147604527429554508e+02
1.207150470658071306e+01 8.642257006976802813e+01 1.153752508095110159e+02
1.219301926786424062e+01 8.613550684288932757e+01 1.160581671734221203e+02
1.228802676900687985e+01 8.591270518448003202e+01 1.168092018346887500e+02
1.235652721000863075e+01 8.575416509454015568e+01 1.176283547933108622e+02
1.239852059086949154e+01 8.565988657306967013e+01 1.185156260492885281e+02
1.241400691158946223e+01 8.562986962006861802e+01 1.194710156026216765e+02
7.508186174618954212e+00 9.645026918937085725e+01 1.110287876032184897e+02
8.008194966526357206e+00 9.533573465280757375e+01 1.107311695576995874e+02
8.481336262868943265e+00 9.428176009910220046e+01 1.105159899382874755e+02
8.927610063646717720e+00 9.328834552825468052e+01 1.103832487449821542e+02
9.347016368859675239e+00 9.235549094026508499e+01 1.103329459777836661e+02
9.739555178507822930e+00 9.148319633513338545e+01 1.103650816366919258e+02
1.010522649259115191e+01 9.067146171285952505e+01 1.104796557217070188e+02
1.044403031110966573e+01 8.992028707344357485e+01 1.106766682328288596e+02
1.075596663406336617e+01 8.922967241688550644e+01 1.109561191700575478e+02
1.104103546145225323e+01 8.859961774318534822e+01 1.113180085333930549e+02
1.129923679327632335e+01 8.803012305234305757e+01 1.117623363228353242e+02
1.153057062953558010e+01 8.752118834435864869e+01 1.122891025383843981e+02
1.173503697023002346e+01 8.707281361923212160e+01 1.128983071800402627e+02
1.191263581535964988e+01 8.668499887696349049e+01 1.135899502478029319e+02
1.206336716492446115e+01 8.635774411755275537e+01 1.143640317416723775e+02
1.218723101892446081e+01 8.609104934099991624e+01 1.152205516616486420e+02
1.228422737735964354e+01 8.588491454730493047e+01 1.161595100077317113e+02
1.235435624023001466e+01 8.573933973646785489e+01 1.171809067799215853e+02
1.239761760753557063e+01 8.565432490848864688e+01 1.182847419782182357e+02
1.241401147927630788e+01 8.562987006336733486e+01 1.194710156026217049e+02
7.390019050074911888e+00 9.554563246338176441e+01 1.092502756458303708e+02
7.901728895689969612e+00 9.452169578200607702e+01 1.089325985398040899e+02
8.385962175960866460e+00 9.355354292953545325e+01 1.087099892991069936e+02
8.842718890887603322e+00 9.264117390596986468e+01 1.085824479237390960e+02
9.271999040470182862e+00 9.178458871130935393e+01 1.085499744137003972e+02
9.673802624708603304e+00 9.098378734555392100e+01 1.086125687689908546e+02
1.004812964360286287e+01 9.023876980870349485e+01 1.087702309896104964e+02
1.039498009715295979e+01 8.954953610075818915e+01 1.090229610755592944e+02
1.071435398535890293e+01 8.891608622171790444e+01 1.093707590268373337e+02
1.100625130822068343e+01 8.833842017158268334e+01 1.098136248434445434e+02
1.127067206573830305e+01 8.781653795035252585e+01 1.103515585253809235e+02
1.150761625791176535e+01 8.735043955802744620e+01 1.109845600726464880e+02
1.171708388474106677e+01 8.694012499460740173e+01 1.117126294852412371e+02
1.189907494622620732e+01 8.658559426009242088e+01 1.125357667631651850e+02
1.205358944236719054e+01 8.628684735448250365e+01 1.134539719064183032e+02
1.218062737316401467e+01 8.604388427777765003e+01 1.144672449150006059e+02
1.228018873861667792e+01 8.585670502997784581e+01 1.155755857889120932e+02
1.235227353872518208e+01 8.572530961108310521e+01 1.167789945281527650e+02
1.239688177348952713e+01 8.564969802109342822e+01 1.180774711327226356e+02
1.241401344290971132e+01 8.562987026000881485e+01 1.194710156026216765e+02
7.232558160185840634e+00 9.447500975739075102e+01 1.076313070649204917e+02
7.760274724564781401e+00 9.356007813750305502e+01 1.073003900843322782e+02
8.259657019464796690e+00 9.269507962422626690e+01 1.070754797187667293e+02
8.730705044885887389e+00 9.188001421756040088e+01 1.069565759682238593e+02
9.173418800828056163e+00 9.111488191750547116e+01 1.069436788327036680e+02
9.587798287291301236e+00 9.039968272406150618e+01 1.070367883122061556e+02
9.973843504275619054e+00 8.973441663722840644e+01 1.072359044067312936e+02
1.033155445178101317e+01 8.911908365700627144e+01 1.075410271162791105e+02
1.066093112980748714e+01 8.855368378339507274e+01 1.079521564408496204e+02
1.096197353835503208e+01 8.803821701639478192e+01 1.084692923804428233e+02
1.123468167742365509e+01 8.757268335600542741e+01 1.090924349350586482e+02
1.147905554701335440e+01 8.715708280222702342e+01 1.098215841046971804e+02
1.169509514712412823e+01 8.679141535505951310e+01 1.106567398893583771e+02
1.188280047775597836e+01 8.647568101450295330e+01 1.115979022890422527e+02
1.204217153890890479e+01 8.620987978055732981e+01 1.126450713037488072e+02
1.217320833058290930e+01 8.599401165322261420e+01 1.137982469334780262e+02
1.227591085277798655e+01 8.582807663249882069e+01 1.150574291782299099e+02
1.235027910549414010e+01 8.571207471838596348e+01 1.164226180380044866e+02
1.239631308873136817e+01 8.564600591088404258e+01 1.178938135128017564e+02
1.241401280248967431e+01 8.562987020999307219e+01 1.194710156026216765e+02
7.035803504951744003e+00 9.323840107139780287e+01 1.061718818604888384e+02
7.583832453150794350e+00 9.245088171929847931e+01 1.058345441912841238e+02
8.102420793380735731e+00 9.170637018317464140e+01 1.056124611972666401e+02
8.591568525641568144e+00 9.100486646302628913e+01 1.055056328784364155e+02
9.051275649933295142e+00 9.034637055885345092e+01 1.055140592347935069e+02
9.481542166255914950e+00 8.973088247065609835e+01 1.056377402663378291e+02
9.882368074609424013e+00 8.915840219843423142e+01 1.058766759730694247e+02
1.025375337499382411e+01 8.862892974218786435e+01 1.062308663549882795e+02
1.059569806740911702e+01 8.814246510191699713e+01 1.067003114120944076e+02
1.090820215185530273e+01 8.769900827762162976e+01 1.072850111443878518e+02
1.119126562833237948e+01 8.729855926930174803e+01 1.079849655518685267e+02
1.144488849684034726e+01 8.694111807695736616e+01 1.088001746345364609e+02
1.166907075737920607e+01 8.662668470058846992e+01 1.097306383923916684e+02
1.186381240994895769e+01 8.635525914019507354e+01 1.107763568254341493e+02
1.202911345454960212e+01 8.612684139577717701e+01 1.119373299336639036e+02
1.216497389118113759e+01 8.594143146733476613e+01 1.132135577170809313e+02
1.227139371984356231e+01 8.579902935486784088e+01 1.146050401756852182e+02
1.234837294053688339e+01 8.569963505837642970e+01 1.161117773094767784e+02
1.239591155326109373e+01 8.564324857786050416e+01 1.177337691184555979e+02
1.241400955801619688e+01 8.562986991332007847e+01 1.194710156026217049e+02
6.799755084372614000e+00 9.183580640540287732e+01 1.048720000325353965e+02
7.372402081448003131e+00 9.119410652739233569e+01 1.045350608606595557e+02
7.914253497708680030e+00 9.058741460638051990e+01 1.043209337346066832e+02
8.425309333154643809e+00 9.001573064236748678e+01 1.042296186543767362e+02
8.905569587785898023e+00 8.947905463535322212e+01 1.042611156199698144e+02
9.355034261602440893e+00 8.897738658533771172e+01 1.044154246313858465e+02
9.773703354604268867e+00 8.851072649232092715e+01 1.046925456886248185e+02
1.016157686679138550e+01 8.807907435630292525e+01 1.050924787916867729e+02
1.051865479816379434e+01 8.768243017728366340e+01 1.056152239405716955e+02
1.084493714872148828e+01 8.732079395526317001e+01 1.062607811352795864e+02
1.114042391846446911e+01 8.699416569024143087e+01 1.070291503758104454e+02
1.140511510739273859e+01 8.670254538221846019e+01 1.079203316621642728e+02
1.163901071550629673e+01 8.644593303119421535e+01 1.089343249943410683e+02
1.184211074280514353e+01 8.622432863716875318e+01 1.100711303723408179e+02
1.201441518928927721e+01 8.603773220014204526e+01 1.113307477961635357e+02
1.215592405495870132e+01 8.588614372011407738e+01 1.127131772658092359e+02
1.226663733981341231e+01 8.576956319708487797e+01 1.142184187812778760e+02
1.234655504385341018e+01 8.568799063105443281e+01 1.158464723425695126e+02
1.239567716707869849e+01 8.564142602202275611e+01 1.175973379496841176e+02
1.241400370948927545e+01 8.562986936998981946e+01 1.194710156026216907e+02
6.525283272228774578e+00 9.027268047630403203e+01 1.037380306410174029e+02
7.126750493921027996e+00 8.979457727401344869e+01 1.034083426217625714e+02
7.695824937472737659e+00 8.934244570307475897e+01 1.032072923646565243e+02
8.232506602883907121e+00 8.891628576348799129e+01 1.031348798696992617e+02
8.736795490154539934e+00 8.851609745525315986e+01 1.031911051368908971e+02
9.208691599284632545e+00 8.814188077837023627e+01 1.033759681662312744e+02
9.648194930274183179e+00 8.779363573283919209e+01 1.036894689577204645e+02
1.005530548312319183e+01 8.747136231866011258e+01 1.041316075113584532e+02
1.043002325783166384e+01 8.717506053583292669e+01 1.047023838271452689e+02
1.077234825439959387e+01 8.690473038435764863e+01 1.054017979050809259e+02
1.108228047282698370e+01 8.666037186423429262e+01 1.062298497451653532e+02
1.135981991311383332e+01 8.644198497546284443e+01 1.071865393473985932e+02
1.160496657526014275e+01 8.624956971804331829e+01 1.082718667117806461e+02
1.181772045926591375e+01 8.608312609197569998e+01 1.094858318383115119e+02
1.199808156513114099e+01 8.594265409726000371e+01 1.108284347269911763e+02
1.214604989285583336e+01 8.582815373389622948e+01 1.122996753778196819e+02
1.226162544243998198e+01 8.573962500188434888e+01 1.138995537907969720e+02
1.234480821388359040e+01 8.567706790122440452e+01 1.156280699659230606e+02
1.239559820718665684e+01 8.564048243191636800e+01 1.174852239031979764e+02
1.241399542234918840e+01 8.562986859396025352e+01 1.194710156026216907e+02
6.241067319234367083e+00 8.872875892990104774e+01 1.029798373921453134e+02
6.872146916650436310e+00 8.841127063649499007e+01 1.026653560124908751e+02
7.469205522708584510e+00 8.811093665121735796e+01 1.024822566470113401e+02
8.032243137408814349e+00 8.782775697406817983e+01 1.024305392957067227e+02
8.561259760751125825e+00 8.756173160504746988e+01 1.025102039585770370e+02
9.056255392735520715e+00 8.731286054415521392e+01 1.027212506356222690e+02
9.517230033361995467e+00 8.708114379139136929e+01 1.030636793268423901e+02
9.944183682630550081e+00 8.686658134675600706e+01 1.035374900322374430e+02
1.033711634054118989e+01 8.666917321024908460e+01 1.041426827518074276e+02
1.069602800709390600e+01 8.648891938187061612e+01 1.048792574855523299e+02
1.102091868228870553e+01 8.632581986162060161e+01 1.057472142334721354e+02
1.131178836612558491e+01 8.617987464949901266e+01 1.067465529955668728e+02
1.156863705860454772e+01 8.605108374550589190e+01 1.078772737718364851e+02
1.179146475972559038e+01 8.593944714964122511e+01 1.091393765622810719e+02
1.198027146948871469e+01 8.584496486190501230e+01 1.105328613669005335e+02
1.213505718789391885e+01 8.576763688229722504e+01 1.120577281856949554e+02
1.225582191494120643e+01 8.570746321081790597e+01 1.137139770186642664e+02
1.234256565063057565e+01 8.566444384746702667e+01 1.155016078658084808e+02
1.239528839496202295e+01 8.563857879224460135e+01 1.174206207271276412e+02
1.241399014793555367e+01 8.562986804515064421e+01 1.194710156026217049e+02
5.961004488123756495e+00 8.729113725963297554e+01 1.026991150997998830e+02
6.620836197921706301e+00 8.712122282040441235e+01 1.024083302519599812e+02
7.245090033763800896e+00 8.696047273808891021e+01 1.022479361211480295e+02
7.833765995650042946e+00 8.680888701268649754e+01 1.022179327073640280e+02
8.386864083580436002e+00 8.666646564419718857e+01 1.023183200106079909e+02
8.904384297554978289e+00 8.653320863262095486e+01 1.025490980308799038e+02
9.386326637573667142e+00 8.640911597795775378e+01 1.029102667681797669e+02
9.832691103636500785e+00 8.629418768020764219e+01 1.034018262225075944e+02
1.024347769574348632e+01 8.618842373937063428e+01 1.040237763938633577e+02
1.061868641389461843e+01 8.609182415544670164e+01 1.047761172822470854e+02
1.095831725808990242e+01 8.600438892843583005e+01 1.056588488876587490e+02
1.126237022832932766e+01 8.592611805833803373e+01 1.066719712100983770e+02
1.153084532461290301e+01 8.585701154515334110e+01 1.078154842495659551e+02
1.176374254694063026e+01 8.579706938888172374e+01 1.090893880060614975e+02
1.196106189531250052e+01 8.574629158952316743e+01 1.104936824795849759e+02
1.212280336972852268e+01 8.570467814707771481e+01 1.120283676701364186e+02
1.224896697018869318e+01 8.567222906154530904e+01 1.136934435777157972e+02
1.233955269669300847e+01 8.564894433292599274e+01 1.154889102023231402e+02
1.239456054924147388e+01 8.563482396121975171e+01 1.174147675439584475e+02
1.241399052783408763e+01 8.562986794642660016e+01 1.194710156026217049e+02
5.685094778896947254e+00 8.595981546549985808e+01 1.028958637639811826e+02
6.372818337734839744e+00 8.592443382574177235e+01 1.026372653401699608e+02
7.023478470638389481e+00 8.589105396368947254e+01 1.025043307870666638e+02
7.637075177607600018e+00 8.585967587934298706e+01 1.024970601046712773e+02
8.213608458642472243e+00 8.583029957270233012e+01 1.026154532929838297e+02
8.753078313743008820e+00 8.580292504376744489e+01 1.028595103520042926e+02
9.255484742909199980e+00 8.577755229253835978e+01 1.032292312817326660e+02
9.720827746141051051e+00 8.575418131901508900e+01 1.037246160821689358e+02
1.014910732343856736e+01 8.573281212319760414e+01 1.043456647533131161e+02
1.054032347480173826e+01 8.571344470508593361e+01 1.050923772951652353e+02
1.089447620023057439e+01 8.569607906468004899e+01 1.059647537077252650e+02
1.121156549972506511e+01 8.568071520197997870e+01 1.069627939909932195e+02
1.149159137328522284e+01 8.566735311698570854e+01 1.080864981449690845e+02
1.173455382091103871e+01 8.565599280969722429e+01 1.093358661696528458e+02
1.194045284260251272e+01 8.564663428011456858e+01 1.107108980650445176e+02
1.210928843835964841e+01 8.563927752823769879e+01 1.122115938311441568e+02
1.224106060818244579e+01 8.563392255406660070e+01 1.138379534679516496e+02
1.233576935207090308e+01 8.563056935760133115e+01 1.155899769754670814e+02
1.239341467002501851e+01 8.562921793884187593e+01 1.174676643536904237e+02
1.241399656204479562e+01 8.562986829778820663e+01 1.194710156026217049e+02
5.413933604538284428e+00 8.473151165695988141e+01 1.035353787329863451e+02
6.128682779642068645e+00 8.481823109736521360e+01 1.033167357030100248e+02
6.804951484193654032e+00 8.490056859635147646e+01 1.032155772019178244e+02
7.442739718193045917e+00 8.497852415391866998e+01 1.032319032297097152e+02
8.042047481640244300e+00 8.505209777006682259e+01 1.033657137863857827e+02
8.602874774535246516e+00 8.512128944479589165e+01 1.036170088719459699e+02
9.125221596878054342e+00 8.518609917810586296e+01 1.039857884863902626e+02
9.609087948668664225e+00 8.524652696999677914e+01 1.044720526297186751e+02
1.005447382990708149e+01 8.530257282046862599e+01 1.050758013019312358e+02
1.046137924059330437e+01 8.535423672952143193e+01 1.057970345030279304e+02
1.082980418072733286e+01 8.540151869715514010e+01 1.066357522330087306e+02
1.115974865030916163e+01 8.544441872336980737e+01 1.075919544918736648e+02
1.145121264933879779e+01 8.548293680816537687e+01 1.086656412796227329e+02
1.170419617781623778e+01 8.551707295154187705e+01 1.098568125962559066e+02
1.191869923574148515e+01 8.554682715349933630e+01 1.111654684417732142e+02
1.209472182311453814e+01 8.557219941403772623e+01 1.125916088161746700e+02
1.223226393993539141e+01 8.559318973315701840e+01 1.141352337194602171e+02
1.233132558620405383e+01 8.560979811085725544e+01 1.157963431516299266e+02
1.239190676192051832e+01 8.562202454713845157e+01 1.175749371126837417e+02
1.241400746708479019e+01 8.562986904200053573e+01 1.194710156026216907e+02
5.152711634827465303e+00 8.357761508734971301e+01 1.043151130494212708e+02
5.893568153323699654e+00 8.377931593072224814e+01 1.041379095517926459e+02
6.594571051506946446e+00 8.397060705812215531e+01 1.040690263407613685e+02
7.255720329377207456e+00 8.415148846954936346e+01 1.041084634163273961e+02
7.877015986934485348e+00 8.432196016500397207e+01 1.042562207784907855e+02
8.458458024178778345e+00 8.448202214448588165e+01 1.045122984272515083e+02
9.000046441110082895e+00 8.463167440799513486e+01 1.048766963626095503e+02
9.501781237728399887e+00 8.477091695553174588e+01 1.053494145845649257e+02
9.963662414033734649e+00 8.489974978709568632e+01 1.059304530931176487e+02
1.038568997002608363e+01 8.501817290268698457e+01 1.066198118882677193e+02
1.076786390570544505e+01 8.512618630230561223e+01 1.074174909700150948e+02
1.111018422107181891e+01 8.522378998595158350e+01 1.083234903383598180e+02
1.141265091612520877e+01 8.531098395362492681e+01 1.093378099933018746e+02
1.167526399086561462e+01 8.538776820532557110e+01 1.104604499348412929e+02
1.189802344529303291e+01 8.545414274105360164e+01 1.116914101629780021e+02
1.208092927940746542e+01 8.551010756080893316e+01 1.130306906777120872e+02
1.222398149320891214e+01 8.555566266459163671e+01 1.144782914790434631e+02
1.232718008669737486e+01 8.559080805240166967e+01 1.160342125669722009e+02
1.239052505987284825e+01 8.561554372423904624e+01 1.176984539414982720e+02
1.241401641273533762e+01 8.562986968010376643e+01 1.194710156026217049e+02
4.902634745428958496e+00 8.249147902231553076e+01 1.051647802129367193e+02
5.668668244696235980e+00 8.280227566385860882e+01 1.050290403192729087e+02
6.393513150868307626e+00 8.309689250940486716e+01 1.049920448312775108e+02
7.077169463945175210e+00 8.337532955895436260e+01 1.050537937489504969e+02
7.719637183926839619e+00 8.363758681250705251e+01 1.052142870722919099e+02
8.320916310813300854e+00 8.388366427006296533e+01 1.054735248013017070e+02
8.881006844604556250e+00 8.411356193162202999e+01 1.058315069359799168e+02
9.399908785300606695e+00 8.432727979718431754e+01 1.062882334763265533e+02
9.877622132901457519e+00 8.452481786674979958e+01 1.068437044223415597e+02
1.031414688740709984e+01 8.470617614031850451e+01 1.074979197740250072e+02
1.070948304881753899e+01 8.487135461789038970e+01 1.082508795313768388e+02
1.106363061713277673e+01 8.502035329946548359e+01 1.091025836943970972e+02
1.137658959235280776e+01 8.515317218504380037e+01 1.100530322630857256e+02
1.164835997447763383e+01 8.526981127462528320e+01 1.111022252374427950e+02
1.187894176350725850e+01 8.537027056820998894e+01 1.122501626174682485e+02
1.206833495944167822e+01 8.545455006579788915e+01 1.134968444031621431e+02
1.221653956228089122e+01 8.552264976738898383e+01 1.148422705945244076e+02
1.232355557202490637e+01 8.557456967298328721e+01 1.162864411915550988e+02
1.238938298867370946e+01 8.561030978258081348e+01 1.178293561942541743e+02
1.241402181222731471e+01 8.562987009618150580e+01 1.194710156026216907e+02
4.663702936342771110e+00 8.147310346185734886e+01 1.060843802235327473e+02
5.453983053759681177e+00 8.188711029677428144e+01 1.059901280054508277e+02
6.201777782277739348e+00 8.227942495019971147e+01 1.059846326734662796e+02
6.907087121896948290e+00 8.265004742213365319e+01 1.060678942275790462e+02
7.569911072617308889e+00 8.299897771257613499e+01 1.062399126677891701e+02
8.190249634438819371e+00 8.332621582152711426e+01 1.065006879940966229e+02
8.768102807361479734e+00 8.363176174898656257e+01 1.068502202065014046e+02
9.303470591385288202e+00 8.391561549495452255e+01 1.072885093050035294e+02
9.796352986510250105e+00 8.417777705943100841e+01 1.078155552896030258e+02
1.024674999273636011e+01 8.441824644241600595e+01 1.084313581602998369e+02
1.065466161006362000e+01 8.463702364390950095e+01 1.091359179170939910e+02
1.102008783849203155e+01 8.483410866391150762e+01 1.099292345599854741e+02
1.134302867802159298e+01 8.500950150242201175e+01 1.108113080889743145e+02
1.162348412865230252e+01 8.516320215944102756e+01 1.117821385040604838e+02
1.186145419038416193e+01 8.529521063496855504e+01 1.128417258052439962e+02
1.205693886321717656e+01 8.540552692900457998e+01 1.139900699925248659e+02
1.220993814715133752e+01 8.549415104154910239e+01 1.152271710659030504e+02
1.232045204218664836e+01 8.556108297260216489e+01 1.165530290253785779e+02
1.238848054832310908e+01 8.560632272216371064e+01 1.179676438709514628e+02
1.241402366556072145e+01 8.562987029023376806e+01 1.194710156026216907e+02
4.435916207568897818e+00 8.052248840597513890e+01 1.070739130812092981e+02
5.249512580514031690e+00 8.103381982946925177e+01 1.070211726103263885e+02
6.019364945735240724e+00 8.151820438050661721e+01 1.070467898673276466e+02
6.745473303232525808e+00 8.197564205908724944e+01 1.071507648522130012e+02
7.427837653005889607e+00 8.240613286521114844e+01 1.073330975649825376e+02
8.066457995055330343e+00 8.280967679887830002e+01 1.075937880056361990e+02
8.661334329380846242e+00 8.318627386008868996e+01 1.079328361741739570e+02
9.212466655982439079e+00 8.353592404884236089e+01 1.083502420705958826e+02
9.719854974860110630e+00 8.385862736513928439e+01 1.088460056949019474e+02
1.018349928601385912e+01 8.415438380897947468e+01 1.094201270470921656e+02
1.060339958944368277e+01 8.442319338036290333e+01 1.100726061271664946e+02
1.097955588514958336e+01 8.466505607928959876e+01 1.108034429351249628e+02
1.131196817313156266e+01 8.487997190575957518e+01 1.116126374709675702e+02
1.160063645338961358e+01 8.506794085977278996e+01 1.125001897346943167e+02
1.184556072592374676e+01 8.522896294132925732e+01 1.134660997263051883e+02
1.204674099073395510e+01 8.536303815042899146e+01 1.145103674458002274e+02
1.220417724782023861e+01 8.547016648707197817e+01 1.156329928931793916e+02
1.231786949718260082e+01 8.555034795125823166e+01 1.168339760684426665e+02
1.238781773882103820e+01 8.560358254298773772e+01 1.181133169715900806e+02
1.241402197273555430e+01 8.562987026226051057e+01 1.194710156026216907e+02
4.219274559107343059e+00 7.963963385466894351e+01 1.081333787859664142e+02
5.055256824959290185e+00 8.024240426194353404e+01 1.081221741338996338e+02
5.846274641240813530e+00 8.081323080032561279e+01 1.081785164128616401e+02
6.592328007951911317e+00 8.135211346981515135e+01 1.083024056228524330e+02
7.293416925092587988e+00 8.185905227041213550e+01 1.084938417638720694e+02
7.949541392662839101e+00 8.233404720211659367e+01 1.087528248359204639e+02
8.560701410662664657e+00 8.277709826492848322e+01 1.090793548389976593e+02
9.126896979092066431e+00 8.318820545884783257e+01 1.094734317731036413e+02
9.648128097951046200e+00 8.356736878387465595e+01 1.099350556382384241e+02
1.012439476723960041e+01 8.391458824000892491e+01 1.104642264344020219e+02
1.055569698695773084e+01 8.422986382725065369e+01 1.110609441615944064e+02
1.094203475710543749e+01 8.451319554559984226e+01 1.117252088198155775e+02
1.128340807768271858e+01 8.476458339505649064e+01 1.124570204090655636e+02
1.157981694868957590e+01 8.498402737562058462e+01 1.132563789293443222e+02
1.183126137012601120e+01 8.517152748729213840e+01 1.141232843806519099e+02
1.203774134199202095e+01 8.532708373007116620e+01 1.150577367629882701e+02
1.219925686428760514e+01 8.545069610395762538e+01 1.160597360763534311e+02
1.231580793701276733e+01 8.554236460895155858e+01 1.171292823207473788e+02
1.238739456016750395e+01 8.560208924505295158e+01 1.182663754961701272e+02
1.241401673375181858e+01 8.562987001226179018e+01 1.194710156026216907e+02
4.013777990958102393e+00 7.882453980793870585e+01 1.092627773378040672e+02
4.871215787095454886e+00 7.951286359419714245e+01 1.092931325761704784e+02
5.682506868794455102e+00 8.016450420965668400e+01 1.093798123100682318e+02
6.447651236055100377e+00 8.077946165431731629e+01 1.095228165394972848e+02
7.166648888877396928e+00 8.135773592817906774e+01 1.097221452644577084e+02
7.839499827261339426e+00 8.189932703124193836e+01 1.099777984849494032e+02
8.466204051206926096e+00 8.240423496350587129e+01 1.102897762009723976e+02
9.046761560714163153e+00 8.287245972497092339e+01 1.106580784125267485e+02
9.581172355783049710e+00 8.330400131563706623e+01 1.110827051196123989e+02
1.006943643641358221e+01 8.369885973550434244e+01 1.115636563222293915e+02
1.051155380260575889e+01 8.405703498457269518e+01 1.121009320203776838e+02
1.090752445435958862e+01 8.437852706284215287e+01 1.126945322140572898e+02
1.125734839167506252e+01 8.466333597031274394e+01 1.133444569032682239e+02
1.156102561455218236e+01 8.491146170698439732e+01 1.140507060880104717e+02
1.181855612299095171e+01 8.512290427285716987e+01 1.148132797682840476e+02
1.202993991699136700e+01 8.529766366793104737e+01 1.156321779440889372e+02
1.219517699655343179e+01 8.543573989220601561e+01 1.165074006154251265e+02
1.231426736167714253e+01 8.553713294568210301e+01 1.174389477822926722e+02
1.238721101236250277e+01 8.560184282835928116e+01 1.184268194446915174e+02
1.241400794860950896e+01 8.562986954023756425e+01 1.194710156026216907e+02
3.819426503121178929e+00 7.807720626578448275e+01 1.104621087367222287e+02
4.697389466922526680e+00 7.884519782623006279e+01 1.105340479371389932e+02
5.528061628396166327e+00 7.957202460849984504e+01 1.106506775589474501e+02
6.311442987542095651e+00 8.025768661259380110e+01 1.108119976021475566e+02
7.047533544360319979e+00 8.090218383851197359e+01 1.110180080667394549e+02
7.736333298850833096e+00 8.150551628625434830e+01 1.112687089527230171e+02
8.377842251013637664e+00 8.206768395582088260e+01 1.115641002600982574e+02
8.972060400848734574e+00 8.258868684721163334e+01 1.119041819888652043e+02
9.518987748356121159e+00 8.306852496042657208e+01 1.122889541390239003e+02
1.001862429353580275e+01 8.350719829546574147e+01 1.127184167105742745e+02
1.047097003638777402e+01 8.390470685232907044e+01 1.131925697035163552e+02
1.087602497691203496e+01 8.426105063101658743e+01 1.137114131178501282e+02
1.123378911510859091e+01 8.457622963152832085e+01 1.142749469535756077e+02
1.154426245097743475e+01 8.485024385386424228e+01 1.148831712106927938e+02
1.180744498451857005e+01 8.508309329802435172e+01 1.155360858892016864e+02
1.202333671573200036e+01 8.527477796400866339e+01 1.162336909891022856e+02
1.219193764461771856e+01 8.542529785181716306e+01 1.169759865103945629e+02
1.231324777117572999e+01 8.553465296144987917e+01 1.177629724530785751e+02
1.238726709540603466e+01 8.560284329290676908e+01 1.185946488171542796e+02
1.241399561730862899e+01 8.562986884618786121e+01 1.194710156026216907e+02
3.636220095596570445e+00 7.739763322820624580e+01 1.117313729827209698e+02
4.533777864440504679e+00 7.823940695804229506e+01 1.118449202168051357e+02
5.382938920045947206e+00 7.903579199685506751e+01 1.119911121594992522e+02
6.183703262412896251e+00 7.978678834464457736e+01 1.121699488108032909e+02
6.936070891541356254e+00 8.049239600141082462e+01 1.123814301707173371e+02
7.640041807431321885e+00 8.115261496715382350e+01 1.126255562392413054e+02
8.295616010082794034e+00 8.176744524187353136e+01 1.129023270163751960e+02
8.902793499495777141e+00 8.233688682556997662e+01 1.132117425021190655e+02
9.461574275670265877e+00 8.286093971824315929e+01 1.135538026964728999e+02
9.971958338606263794e+00 8.333960391989309358e+01 1.139285075994366707e+02
1.043394568830376912e+01 8.377287943051973684e+01 1.143358572110103921e+02
1.084753632476278362e+01 8.416076625012311752e+01 1.147758515311940641e+02
1.121273024798330553e+01 8.450326437870324980e+01 1.152484905599876868e+02
1.152952745796533307e+01 8.480037381626010529e+01 1.157537742973912600e+02
1.179792795470886979e+01 8.505209456279368396e+01 1.162917027434047839e+02
1.201793173821391569e+01 8.525842661830401426e+01 1.168622758980282583e+02
1.218953880848046722e+01 8.541936998279106774e+01 1.174654937612616834e+02
1.231274916550852794e+01 8.553492465625487284e+01 1.181013563331050733e+02
1.238756280929809783e+01 8.560509063869538693e+01 1.187698636135583996e+02
1.241397973984917513e+01 8.562986793011265263e+01 1.194710156026216907e+02
