3.051241000000000092e+00 9.857038900000000581e+01 1.180166449999999969e+02
3.721165067982438845e+00 9.742042148200599172e+01 1.174367620554951799e+02
4.363086397930570293e+00 9.631852245519384326e+01 1.169247055669583659e+02
4.977004989844393101e+00 9.526469191956360305e+01 1.164804755343896119e+02
5.562920843723910380e+00 9.425892987511525689e+01 1.161040719577889320e+02
6.120833959569121241e+00 9.330123632184880478e+01 1.157954948371562551e+02
6.650744337380022131e+00 9.239161125976420408e+01 1.155547441724916098e+02
7.152651977156615715e+00 9.153005468886151164e+01 1.153818199637949959e+02
7.626556878898904657e+00 9.071656660914072745e+01 1.152767222110664562e+02
8.072459042606885404e+00 8.995114702060183731e+01 1.152394509143059338e+02
8.490358468280557958e+00 8.923379592324479859e+01 1.152700060735134571e+02
8.880255155919922316e+00 8.856451331706966812e+01 1.153683876886890118e+02
9.242149105524980257e+00 8.794329920207643170e+01 1.155345957598325981e+02
9.576040317095731780e+00 8.737015357826507511e+01 1.157686302869442443e+02
9.881928790632173332e+00 8.684507644563561257e+01 1.160704912700239078e+02
1.015981452613431024e+01 8.636806780418804408e+01 1.164401787090716169e+02
1.040969752360213896e+01 8.593912765392235542e+01 1.168776926040873718e+02
1.063157778303565948e+01 8.555825599483856081e+01 1.173830329550711582e+02
1.082545530443487536e+01 8.522545282693667446e+01 1.179561997620229903e+02
1.099133008779978127e+01 8.494071815021665373e+01 1.185971930249428539e+02
3.146702176823312325e+00 9.773490563390814145e+01 1.151361052268207317e+02
3.810280937283626379e+00 9.666236589462567963e+01 1.145828807088824846e+02
4.446003785539851982e+00 9.563417743191159559e+01 1.141113658613474371e+02
5.053870721591988691e+00 9.465034024576598881e+01 1.137215606842155893e+02
5.633881745440041833e+00 9.371085433618878824e+01 1.134134651774869837e+02
6.186036857084005192e+00 9.281571970318005071e+01 1.131870793411615779e+02
6.710336056523880544e+00 9.196493634673967676e+01 1.130424031752393574e+02
7.206779343759667888e+00 9.115850426686775165e+01 1.129794366797203651e+02
7.675366718791371667e+00 9.039642346356427538e+01 1.129981798546046008e+02
8.116098181618985663e+00 8.967869393682921952e+01 1.130986326998920219e+02
8.528973732242512540e+00 8.900531568666256987e+01 1.132807952155826712e+02
8.913993370661950522e+00 8.837628871306435485e+01 1.135446674016765058e+02
9.271157096877297832e+00 8.779161301603456025e+01 1.138902492581735544e+02
9.600464910888563352e+00 8.725128859557320027e+01 1.143175407850738452e+02
9.901916812695738201e+00 8.675531545168026071e+01 1.148265419823772930e+02
1.017551280229882771e+01 8.630369358435576999e+01 1.154172528500840116e+02
1.042125287969783010e+01 8.589642299359967126e+01 1.160896733881938871e+02
1.063913704489274181e+01 8.553350367941203558e+01 1.168438035967070050e+02
1.082916529788356996e+01 8.521493564179280611e+01 1.176796434756233225e+02
1.099133763867030922e+01 8.494071888074199705e+01 1.185971930249428539e+02
3.176204975934519670e+00 9.674140592442043385e+01 1.124986694793778810e+02
3.838469502089146612e+00 9.575745886891144210e+01 1.119708463678480399e+02
4.472851638694223197e+00 9.481382940095318190e+01 1.115373341490937804e+02
5.079351385749750314e+00 9.391051752054562485e+01 1.111981328231151593e+02
5.657968743255731070e+00 9.304752322768884198e+01 1.109532423899122193e+02
6.208703711212161913e+00 9.222484652238276226e+01 1.108026628494848609e+02
6.731556289619042843e+00 9.144248740462738567e+01 1.107463942018331267e+02
7.226526478476372972e+00 9.070044587442275486e+01 1.107844364469570024e+02
7.693614277784157629e+00 8.999872193176888402e+01 1.109167895848565450e+02
8.132819687542392373e+00 8.933731557666573053e+01 1.111434536155317261e+02
8.544142707751074539e+00 8.871622680911329439e+01 1.114644285389825029e+02
8.927583338410210345e+00 8.813545562911156139e+01 1.118797143552089182e+02
9.283141579519798015e+00 8.759500203666058837e+01 1.123893110642109576e+02
9.610817431079833995e+00 8.709486603176033270e+01 1.129932186659886355e+02
9.910610893090321838e+00 8.663504761441079438e+01 1.136914371605419376e+02
1.018252196555126154e+01 8.621554678461201604e+01 1.144839665478708497e+02
1.042655064846265134e+01 8.583636354236391242e+01 1.153708068279754002e+02
1.064269694182449122e+01 8.549749788766656877e+01 1.163519580008556034e+02
1.083096084563678474e+01 8.519894982051997090e+01 1.174274200665114165e+02
1.099134235989952657e+01 8.494071934092407616e+01 1.185971930249428397e+02
3.139749397333621683e+00 9.558988987153691141e+01 1.101043377576715301e+02
3.805730762399000877e+00 9.470570040486333596e+01 1.096006590323918601e+02
4.443629957393686603e+00 9.385747836231855956e+01 1.092026104301974669e+02
5.053446982317679748e+00 9.304522374390258221e+01 1.089101919510883647e+02
5.635181837170982533e+00 9.226893654961538971e+01 1.087234035950646103e+02
6.188834521953592294e+00 9.152861677945701047e+01 1.086422453621261184e+02
6.714405036665509030e+00 9.082426443342740185e+01 1.086667172522729032e+02
7.211893381306732742e+00 9.015587951152659230e+01 1.087968192655049648e+02
7.681299555877266094e+00 8.952346201375461021e+01 1.090325514018223600e+02
8.122623560377109087e+00 8.892701194011138455e+01 1.093739136612250604e+02
8.535865394806256390e+00 8.836652929059695794e+01 1.098209060437130091e+02
8.921025059164712445e+00 8.784201406521133038e+01 1.103735285492862772e+02
9.278102553452475476e+00 8.735346626395451608e+01 1.110317811779448078e+02
9.607097877669547259e+00 8.690088588682647242e+01 1.117956639296886578e+02
9.908011031815924241e+00 8.648427293382721359e+01 1.126651768045177846e+02
1.018084201589161353e+01 8.610362740495678224e+01 1.136403198024322307e+02
1.042559082989660624e+01 8.575894930021512153e+01 1.147210929234319394e+02
1.064225747383090948e+01 8.545023861960227407e+01 1.159074961675169533e+02
1.083084194769451969e+01 8.517749536311819725e+01 1.171995295346872723e+02
1.099134425148743865e+01 8.494071953076291948e+01 1.185971930249428823e+02
3.037335441020617477e+00 9.428035747525751731e+01 1.079531100617015511e+02
3.712064718213186953e+00 9.350709050248133281e+01 1.074723187025139310e+02
4.358338741638237757e+00 9.276512431600772857e+01 1.071071947046584398e+02
4.976157511295771663e+00 9.205445891583676143e+01 1.068577380681351627e+02
5.565521027185791780e+00 9.137509430196843141e+01 1.067239487929441424e+02
6.126429289308292780e+00 9.072703047440273849e+01 1.067058268790852935e+02
6.658882297663277328e+00 9.011026743313962584e+01 1.068033723265586445e+02
7.162880052250742757e+00 8.952480517817916450e+01 1.070165851353641955e+02
7.638422553070695287e+00 8.897064370952136869e+01 1.073454653055019605e+02
8.085509800123130475e+00 8.844778302716615315e+01 1.077900128369719539e+02
8.504141793408045658e+00 8.795622313111357471e+01 1.083502277297741188e+02
8.894318532925446164e+00 8.749596402136360496e+01 1.090261099839084977e+02
9.256040018675328440e+00 8.706700569791628652e+01 1.098176595993750624e+02
9.589306250657694264e+00 8.666934816077157677e+01 1.107248765761738696e+02
9.894117228872543635e+00 8.630299140992948992e+01 1.117477609143048483e+02
1.017047295331987655e+01 8.596793544539005438e+01 1.128863126137680410e+02
1.041837342399968946e+01 8.566418026715321332e+01 1.141405316745634337e+02
1.063781864091198948e+01 8.539172587521900937e+01 1.155104180966910548e+02
1.082880860405677126e+01 8.515057226958744252e+01 1.169959718801508473e+02
1.099134331343403659e+01 8.494071945025848436e+01 1.185971930249428681e+02
2.868963106995508383e+00 9.281280873558232258e+01 1.060449863914680577e+02
3.557471369531707062e+00 9.216162916176540421e+01 1.055858253782142242e+02
4.216977991427881101e+00 9.153676726202070313e+01 1.052510869724767417e+02
4.847482972684031388e+00 9.093822303634821935e+01 1.050407711742555819e+02
5.448986313300160589e+00 9.036599648474796709e+01 1.049548779835508583e+02
6.021488013276266926e+00 8.982008760721996055e+01 1.049934074003624573e+02
6.564988072612349512e+00 8.930049640376412867e+01 1.051563594246904074e+02
7.079486491308407459e+00 8.880722287438054252e+01 1.054437340565347228e+02
7.564983269364445206e+00 8.834026701906918788e+01 1.058555312958954175e+02
8.021478406780460091e+00 8.789962883783006475e+01 1.063917511427724776e+02
8.448971903556449448e+00 8.748530833066311629e+01 1.070523935971658887e+02
8.847463759692416829e+00 8.709730549756842777e+01 1.078374586590756508e+02
9.216953975188360459e+00 8.673562033854594233e+01 1.087469463285017923e+02
9.557442550044282115e+00 8.640025285359568841e+01 1.097808566054442849e+02
9.868929484260181795e+00 8.609120304271765178e+01 1.109391894899031570e+02
1.015141477783605595e+01 8.580847090591186088e+01 1.122219449818783517e+02
1.040489843077190812e+01 8.555205644317824465e+01 1.136291230813699400e+02
1.062938044306773833e+01 8.532195965451688835e+01 1.151607237883778936e+02
1.082486081472354478e+01 8.511818053992773514e+01 1.168167471029021982e+02
1.099133954573932748e+01 8.494071909941081344e+01 1.185971930249428681e+02
2.634632395258294402e+00 9.118724365251128461e+01 1.043799667469710073e+02
3.341950716354559425e+00 9.066931638271560701e+01 1.039411790594927965e+02
4.019547706762613082e+00 9.017240720035749746e+01 1.036342872336523442e+02
4.667423366482456260e+00 8.969651610543697018e+01 1.034592912694496363e+02
5.285577695514090735e+00 8.924164309795403938e+01 1.034161911668847296e+02
5.874010693857513843e+00 8.880778817790869084e+01 1.035049869259575814e+02
6.432722361512725584e+00 8.839495134530089615e+01 1.037256785466681777e+02
6.961712698479725070e+00 8.800313260013069794e+01 1.040782660290165609e+02
7.460981704758516742e+00 8.763233194239811041e+01 1.045627493730027027e+02
7.930529380349097934e+00 8.728254937210309095e+01 1.051791285786266315e+02
8.370355725251465984e+00 8.695378488924563953e+01 1.059274036458882904e+02
8.780460739465624442e+00 8.664603849382578460e+01 1.068075745747877363e+02
9.160844422991571534e+00 8.635931018584349772e+01 1.078196413653249408e+02
9.511506775829309035e+00 8.609359996529880732e+01 1.089636040174999181e+02
9.832447797978836945e+00 8.584890783219168497e+01 1.102394625313126539e+02
1.012366748944015171e+01 8.562523378652218753e+01 1.116472169067631626e+02
1.038516585021325511e+01 8.542257782829021551e+01 1.131868671438514298e+02
1.061694288029815070e+01 8.524093995749586838e+01 1.148584132425774840e+02
1.081899857969483669e+01 8.508032017413907511e+01 1.166618552029412967e+02
1.099133294840330777e+01 8.494071847821987831e+01 1.185971930249428681e+02
2.334642174169801354e+00 8.942354802554626758e+01 1.030025007462081845e+02
3.065902859440312600e+00 8.904887338594940616e+01 1.025824259189668197e+02
3.766536229874222652e+00 8.868961387959819831e+01 1.023002231033998157e+02
4.436542285471531954e+00 8.834576950649268667e+01 1.021558922995072152e+02
5.075921026232242284e+00 8.801734026663285704e+01 1.021494335072890323e+02
5.684672452156350531e+00 8.770432616001870940e+01 1.022808467267452102e+02
6.262796563243860248e+00 8.740672718665022956e+01 1.025501319578757915e+02
6.810293359494766108e+00 8.712454334652741750e+01 1.029572892006807479e+02
7.327162840909074326e+00 8.685777463965033007e+01 1.035023184551601076e+02
7.813405007486783127e+00 8.660642106601889623e+01 1.041852197213138851e+02
8.269019859227888958e+00 8.637048262563311596e+01 1.050059929991420091e+02
8.694007396132395371e+00 8.614995931849303190e+01 1.059646382886445366e+02
9.088367618200301479e+00 8.594485114459862984e+01 1.070611555898214675e+02
9.452100525431605504e+00 8.575515810394990979e+01 1.082955449026727877e+02
9.785206117826309224e+00 8.558088019654685752e+01 1.096678062271984828e+02
1.008768439538441442e+01 8.542201742238950146e+01 1.111779395633985814e+02
1.035953535810591575e+01 8.527856978147779898e+01 1.128259449112730408e+02
1.060075900599082033e+01 8.515053727381180693e+01 1.146118222708219321e+02
1.081135533903912460e+01 8.503791989939146845e+01 1.165355716420451984e+02
1.099132435725082679e+01 8.494071765821682618e+01 1.185971930249428681e+02
1.971297446028539735e+00 8.767508975697232643e+01 1.022554031032202460e+02
2.732413549202892700e+00 8.744468633678316394e+01 1.018492691250887106e+02
3.461709867653175454e+00 8.722389281377351722e+01 1.015838271674613793e+02
4.159186401379387554e+00 8.701270918794342890e+01 1.014590772303382522e+02
4.824843150381531665e+00 8.681113545929289899e+01 1.014750193137194003e+02
5.458680114659603788e+00 8.661917162782192747e+01 1.016316534176047384e+02
6.060697294213605701e+00 8.643681769353047173e+01 1.019289795419942948e+02
6.630894689043538293e+00 8.626407365641860281e+01 1.023669976868880696e+02
7.169272299149399785e+00 8.610093951648626387e+01 1.029457078522860911e+02
7.675830124531193732e+00 8.594741527373348333e+01 1.036651100381883168e+02
8.150568165188913028e+00 8.580350092816023277e+01 1.045252042445947609e+02
8.593486421122564778e+00 8.566919647976654062e+01 1.055259904715054518e+02
9.004584892332147206e+00 8.554450192855239266e+01 1.066674687189203325e+02
9.383863578817654982e+00 8.542941727451780309e+01 1.079496389868394601e+02
9.731322480579096990e+00 8.532394251766277193e+01 1.093725012752628061e+02
1.004696159761646967e+01 8.522807765798728497e+01 1.109360555841903704e+02
1.033078092992976771e+01 8.514182269549131377e+01 1.126403019136221531e+02
1.058278047751900175e+01 8.506517763017492939e+01 1.144852402635581541e+02
1.080296024038416292e+01 8.499814246203808921e+01 1.164708706339984019e+02
1.099132021852525121e+01 8.494071719108076479e+01 1.185971930249428397e+02
1.545082524556168568e+00 8.597409362139677569e+01 1.022107040585426887e+02
2.342131145632243783e+00 8.588709281931630812e+01 1.018130851384715356e+02
3.105859974671314916e+00 8.580371563601282503e+01 1.015554735192643818e+02
3.836269011673381080e+00 8.572396207148625535e+01 1.014378692009212983e+02
4.533358256638444495e+00 8.564783212573667015e+01 1.014602721834422709e+02
5.197127709566503384e+00 8.557532579876405521e+01 1.016226824668272997e+02
5.827577370457556860e+00 8.550644309056835368e+01 1.019251000510763703e+02
6.424707239311606699e+00 8.544118400114963663e+01 1.023675249361894828e+02
6.988517316128652901e+00 8.537954853050787563e+01 1.029499571221666656e+02
7.519007600908695466e+00 8.532153667864308488e+01 1.036723966090078761e+02
8.016178093651731729e+00 8.526714844555517914e+01 1.045348433967131427e+02
8.480028794357764355e+00 8.521638383124428628e+01 1.055372974852824797e+02
8.910559703026795120e+00 8.516924283571032106e+01 1.066797588747158301e+02
9.307770819658816919e+00 8.512572545895332610e+01 1.079622275650132792e+02
9.671662144253836857e+00 8.508583170097327297e+01 1.093847035561747418e+02
1.000223367681185316e+01 8.504956156177019011e+01 1.109471868482002606e+02
1.029948541733286582e+01 8.501691504134404909e+01 1.126496774410898354e+02
1.056341736581687307e+01 8.498789213969487832e+01 1.144921753348434521e+02
1.079402952226387669e+01 8.496249285682264940e+01 1.164746805294611107e+02
1.099132188667387666e+01 8.494071719272737653e+01 1.185971930249428539e+02
1.055997409752687410e+00 8.432055961881957273e+01 1.028684036121755128e+02
1.895055648728365627e+00 8.437609283354889556e+01 1.024738739591152665e+02
2.698986550928641037e+00 8.442908234631610753e+01 1.022151621588088659e+02
3.467790116353512975e+00 8.447952815712120866e+01 1.020922682112563251e+02
4.201466345002983438e+00 8.452743026596418474e+01 1.021051921164577152e+02
4.900015236877051095e+00 8.457278867284509261e+01 1.022539338744129225e+02
5.563436791975714613e+00 8.461560337776388963e+01 1.025384934851220180e+02
6.191731010298976656e+00 8.465587438072056159e+01 1.029588709485849876e+02
6.784897891846835449e+00 8.469360168171516534e+01 1.035150662648018596e+02
7.342937436619291880e+00 8.472878528074764404e+01 1.042070794337725772e+02
7.865849644616345060e+00 8.476142517781798347e+01 1.050349104554971547e+02
8.353634515837994101e+00 8.479152137292625468e+01 1.059985593299756488e+02
8.806292050284241668e+00 8.481907386607241506e+01 1.070980260572079885e+02
9.223822247955085984e+00 8.484408265725646459e+01 1.083333106371942023e+02
9.606225108850528827e+00 8.486654774647841748e+01 1.097044130699342901e+02
9.953500632970568418e+00 8.488646913373827374e+01 1.112113333554282519e+02
1.026564882031520298e+01 8.490384681903600494e+01 1.128540714936760736e+02
1.054266967088443963e+01 8.491868080237163952e+01 1.146326274846777977e+02
1.078456318467826947e+01 8.493097108374517745e+01 1.165470013284333817e+02
1.099132936169669961e+01 8.494071766315659033e+01 1.185971930249428397e+02
5.264422043630615500e-01 8.273447745469189840e+01 1.040659249270755851e+02
1.411409016068120525e+00 8.292881972413167091e+01 1.036701359315952971e+02
2.259244416336732897e+00 8.311447040206310533e+01 1.034033016671792780e+02
3.069948405168897665e+00 8.329142948848618744e+01 1.032654221338275562e+02
3.843520982564616606e+00 8.345969698340090304e+01 1.032564973315401460e+02
4.579962148523888388e+00 8.361927288680730896e+01 1.033765272603169763e+02
5.279271903046712566e+00 8.377015719870534838e+01 1.036255119201581039e+02
5.941450246133088697e+00 8.391234991909504970e+01 1.040034513110635288e+02
6.566497177783020334e+00 8.404585104797641293e+01 1.045103454330332227e+02
7.154412697996504811e+00 8.417066058534942385e+01 1.051461942860672281e+02
7.705196806773540352e+00 8.428677853121406827e+01 1.059109978701655024e+02
8.218849504114132287e+00 8.439420488557038880e+01 1.068047561853280740e+02
8.695370790018273510e+00 8.449293964841835702e+01 1.078274692315549146e+02
9.134760664485968462e+00 8.458298281975798716e+01 1.089791370088460525e+02
9.537019127517217143e+00 8.466433439958926499e+01 1.102597595172014593e+02
9.902146179112021329e+00 8.473699438791220473e+01 1.116693367566211634e+02
1.023014181927037569e+01 8.480096278472677795e+01 1.132078687271051507e+02
1.052100604799228378e+01 8.485623959003304151e+01 1.148753554286534211e+02
1.077473886527774560e+01 8.490282480383092434e+01 1.166717968612660030e+02
1.099134027112675938e+01 8.494071842612046908e+01 1.185971930249428397e+02
1.701839953953296347e-02 8.126992750408287236e+01 1.053634307907173593e+02
9.458999602466220402e-01 8.159162623533937619e+01 1.049649480627121534e+02
1.835749825886406450e+00 8.189904728008617951e+01 1.046881316157965216e+02
2.686567996458885776e+00 8.219219063832326810e+01 1.045329814499705208e+02
3.498354471964061574e+00 8.247105631005062776e+01 1.044994975652341509e+02
4.271109252401931400e+00 8.273564429526828690e+01 1.045876799615873836e+02
5.004832337772497475e+00 8.298595459397624552e+01 1.047975286390302330e+02
5.699523728075758022e+00 8.322198720617447520e+01 1.051290435975627275e+02
6.355183423311713931e+00 8.344374213186301859e+01 1.055822248371848531e+02
6.971811423480367864e+00 8.365121937104183303e+01 1.061570723578965669e+02
7.549407728581713606e+00 8.384441892371093275e+01 1.068535861596978975e+02
8.087972338615756485e+00 8.402334078987031774e+01 1.076717662425888591e+02
8.587505253582493836e+00 8.418798496952000221e+01 1.086116126065694374e+02
9.048006473481926548e+00 8.433835146265995775e+01 1.096731252516396466e+02
9.469475998314052845e+00 8.447444026929021277e+01 1.108563041777994584e+02
9.851913828078878055e+00 8.459625138941076727e+01 1.121611493850489012e+02
1.019531996277639863e+01 8.470378482302159284e+01 1.135876608733879607e+02
1.049969440240661100e+01 8.479704057012271790e+01 1.151358386428166511e+02
1.076503714696952052e+01 8.487601863071411401e+01 1.168056826933349299e+02
1.099134819646512540e+01 8.494071900479580961e+01 1.185971930249428539e+02
-4.688913612045262358e-01 7.992992841598025677e+01 1.067363704459230860e+02
5.015822026866625372e-01 8.036709967660553389e+01 1.063339222606764736e+02
1.431244342172687700e+00 8.078499922380807163e+01 1.060455520760070556e+02
2.320095057253549697e+00 8.118362705758779896e+01 1.058712598919148746e+02
3.168134347929248751e+00 8.156298317794478692e+01 1.058110457083999449e+02
3.975362214199784194e+00 8.192306758487900709e+01 1.058649095254622097e+02
4.741778656065157804e+00 8.226388027839044526e+01 1.060328513431017114e+02
5.467383673525366028e+00 8.258542125847911564e+01 1.063148711613184219e+02
6.152177266580412862e+00 8.288769052514503244e+01 1.067109689801124119e+02
6.796159435230295642e+00 8.317068807838819566e+01 1.072211447994835822e+02
7.399330179475014369e+00 8.343441391820854847e+01 1.078453986194319896e+02
7.961689499314569041e+00 8.367886804460616190e+01 1.085837304399576340e+02
8.483237394748963212e+00 8.390405045758097913e+01 1.094361402610604870e+02
8.963973865778191552e+00 8.410996115713305699e+01 1.104026280827405913e+02
9.403898912402256727e+00 8.429660014326236706e+01 1.114831939049978757e+02
9.803012534621160512e+00 8.446396741596889512e+01 1.126778377278324257e+02
1.016131473243489935e+01 8.461206297525264119e+01 1.139865595512441985e+02
1.047880550584347681e+01 8.474088682111364790e+01 1.154093593752331941e+02
1.075548485484688932e+01 8.485043895355187260e+01 1.169462371997994268e+02
1.099135277944513867e+01 8.494071937256734373e+01 1.185971930249428539e+02
-9.312870778691140217e-01 7.871448019038409427e+01 1.081847438926927225e+02
7.845574338824362615e-02 7.925524004793017241e+01 1.077770585254882576e+02
1.045727965195578424e+00 7.977232623322876748e+01 1.074755630478108799e+02
1.970529587552890760e+00 8.026573874627983685e+01 1.072802574596606178e+02
2.852860610460179913e+00 8.073547758708338051e+01 1.071911417610374571e+02
3.692721033917447215e+00 8.118154275563942690e+01 1.072082159519414120e+02
4.490110857924691778e+00 8.160393425194794759e+01 1.073314800323724683e+02
5.245030082481912714e+00 8.200265207600894257e+01 1.075609340023306117e+02
5.957478707589111799e+00 8.237769622782246870e+01 1.078965778618158993e+02
6.627456733246287257e+00 8.272906670738845492e+01 1.083384116108282598e+02
7.254964159453440864e+00 8.305676351470691543e+01 1.088864352493677359e+02
7.840000986210571732e+00 8.336078664977786445e+01 1.095406487774343418e+02
8.382567213517679861e+00 8.364113611260133041e+01 1.103010521950280207e+02
8.882662841374763474e+00 8.389781190317725645e+01 1.111676455021488152e+02
9.340287869781825236e+00 8.413081402150567101e+01 1.121404286987967396e+02
9.755442298738865148e+00 8.434014246758658828e+01 1.132194017849717511e+02
1.012812612824588143e+01 8.452579724141996564e+01 1.144045647606738498e+02
1.045833935830287764e+01 8.468777834300584573e+01 1.156959176259030784e+02
1.074608198890984845e+01 8.482608577234420011e+01 1.170934603806594225e+02
1.099135402006679740e+01 8.494071952943505721e+01 1.185971930249428539e+02
-1.370168750454232587e+00 7.762358282729438486e+01 1.097085511310263257e+02
-3.234794176486362471e-01 7.825604734931332018e+01 1.092943568571475765e+02
6.792006949550771777e-01 7.886102830834830968e+01 1.089781645312080229e+02
1.637871587356907854e+00 7.943852570439933913e+01 1.087599741532077644e+02
2.552533259556855061e+00 7.998853953746643697e+01 1.086397857231467867e+02
3.423185711554919131e+00 8.051106980754958897e+01 1.086175992410250331e+02
4.249828943351101174e+00 8.100611651464878094e+01 1.086934147068425318e+02
5.032462954945398970e+00 8.147367965876401286e+01 1.088672321205993114e+02
5.771087746337814295e+00 8.191375923989532737e+01 1.091390514822953719e+02
6.465703317528347149e+00 8.232635525804266763e+01 1.095088727919306564e+02
7.116309668516995757e+00 8.271146771320607627e+01 1.099766960495052075e+02
7.722906799303761893e+00 8.306909660538552487e+01 1.105425212550190395e+02
8.285494709888645559e+00 8.339924193458102764e+01 1.112063484084721097e+02
8.804073400271645866e+00 8.370190370079257036e+01 1.119681775098644323e+02
9.278642870452760150e+00 8.397708190402019568e+01 1.128280085591960074e+02
9.709203120431997291e+00 8.422477654426384674e+01 1.137858415564668633e+02
1.009575415020934663e+01 8.444498762152355198e+01 1.148416765016769858e+02
1.043829595978481706e+01 8.463771513579931138e+01 1.159955133948263608e+02
1.073682854915839968e+01 8.480295908709112496e+01 1.172473522359149740e+02
1.099135191833010339e+01 8.494071947539899270e+01 1.185971930249428681e+02
-1.785536378959879489e+00 7.665723632671111432e+01 1.113077921609238388e+02
-7.042232804239751953e-01 7.736952158075492036e+01 1.108858172556543167e+02
3.316625314511851275e-01 7.805110544916666981e+01 1.105533565261984563e+02
1.322121056665601646e+00 7.870198793194632003e+01 1.103104099725562719e+02
2.267152295219273306e+00 7.932216902909391365e+01 1.101569775947278060e+02
3.166756247112201272e+00 7.991164874060946488e+01 1.100930593927130303e+02
4.020932912344385102e+00 8.047042706649290267e+01 1.101186553665119021e+02
4.829682290915824794e+00 8.099850400674426965e+01 1.102337655161244783e+02
5.593004382826519461e+00 8.149587956136358002e+01 1.104383898415507588e+02
6.310899188076471766e+00 8.196255373035080538e+01 1.107325283427907010e+02
6.983366706665677270e+00 8.239852651370595993e+01 1.111161810198443334e+02
7.610406938594140414e+00 8.280379791142905788e+01 1.115893478727116559e+02
8.192019883861858531e+00 8.317836792352005659e+01 1.121520289013926543e+02
8.728205542468833400e+00 8.352223654997899871e+01 1.128042241058873572e+02
9.218963914415063243e+00 8.383540379080585581e+01 1.135459334861957075e+02
9.664294999700549837e+00 8.411786964600065630e+01 1.143771570423177764e+02
1.006419879832529141e+01 8.436963411556337178e+01 1.152978947742535070e+02
1.041867531028929150e+01 8.459069719949403066e+01 1.163081466820029561e+02
1.072772453559254124e+01 8.478105889779260451e+01 1.174079127655660670e+02
1.099134647423505129e+01 8.494071921045910756e+01 1.185971930249428681e+02
-2.177389963386056948e+00 7.581544068863428265e+01 1.129824669823852901e+02
-1.063775844937774995e+00 7.659566274225501559e+01 1.125514397210085633e+02
3.113474683901273909e-03 7.734255765568386209e+01 1.122011390327821800e+02
1.023277995478971469e+00 7.805612542892079375e+01 1.119315649177061971e+02
1.996717717447434870e+00 7.873636606196586740e+01 1.117427173757806287e+02
2.923432640589292308e+00 7.938327955481906884e+01 1.116345964070054322e+02
3.803422764904544007e+00 7.999686590748032700e+01 1.116072020113805934e+02
4.636688090393189299e+00 8.057712511994972715e+01 1.116605341889061549e+02
5.423228617055228185e+00 8.112405719222725509e+01 1.117945929395821167e+02
6.163044344890661108e+00 8.163766212431289659e+01 1.120093782634084505e+02
6.856135273899487181e+00 8.211793991620663746e+01 1.123048901603851562e+02
7.502501404081708181e+00 8.256489056790849190e+01 1.126811286305122621e+02
8.102142735437322330e+00 8.297851407941845991e+01 1.131380936737897400e+02
8.655059267966329628e+00 8.335881045073654150e+01 1.136757852902175898e+02
9.161251001668730964e+00 8.370577968186273665e+01 1.142942034797958399e+02
9.620717936544528115e+00 8.401942177279704538e+01 1.149933482425244762e+02
1.003346007259371575e+01 8.429973672353946768e+01 1.157732195784034985e+02
1.039947740981630098e+01 8.454672453409000354e+01 1.166338174874329070e+02
1.071876994821227669e+01 8.476038520444865298e+01 1.175751419696126732e+02
1.099133768778164821e+01 8.494071873461541600e+01 1.185971930249428397e+02
-2.545729503732763188e+00 7.509819591306393249e+01 1.147325755954106654e+02
-1.402137111190034036e+00 7.593447083381359164e+01 1.142912242532102880e+02
-3.064464753467734948e-01 7.673538492789987231e+01 1.139215120509592225e+02
7.413424037970184344e-01 7.750093819532276029e+01 1.136234389886575400e+02
1.741229526241340864e+00 7.823113063608225559e+01 1.133970050663052120e+02
2.693214891986194015e+00 7.892596225017840084e+01 1.132422102839022386e+02
3.597298501031578333e+00 7.958543303761109655e+01 1.131590546414486056e+02
4.453480353377493373e+00 8.020954299838041379e+01 1.131475381389443271e+02
5.261760449023940467e+00 8.079829213248636677e+01 1.132076607763894316e+02
6.022138787970917839e+00 8.135168043992891285e+01 1.133394225537838622e+02
6.734615370218425490e+00 8.186970792070806624e+01 1.135428234711276758e+02
7.399190195766465195e+00 8.235237457482382695e+01 1.138178635284208298e+02
8.015863264615035177e+00 8.279968040227620918e+01 1.141645427256633525e+02
8.584634576764136327e+00 8.321162540306519873e+01 1.145828610628552013e+02
9.105504132213766866e+00 8.358820957719080980e+01 1.150728185399964190e+02
9.578471930963932124e+00 8.392943292465301397e+01 1.156344151570870054e+02
1.000353797301462322e+01 8.423529544545181125e+01 1.162676509141269321e+02
1.038070225836585081e+01 8.450579713958724426e+01 1.169725258111162276e+02
1.070996478701760424e+01 8.474093800705928459e+01 1.177490398480548635e+02
1.099132555896989416e+01 8.494071804786794644e+01 1.185971930249428681e+02
-2.890554999999999986e+00 7.450550200000000700e+01 1.165581179999999932e+02
-1.719307079180753872e+00 7.538594585543064852e+01 1.161051708522595050e+02
-5.970173186408400667e-01 7.622958726581471467e+01 1.157144755807295695e+02
4.763142816197413199e-01 7.703642623115219124e+01 1.153860321854102438e+02
1.500687721600989288e+00 7.780646275144309243e+01 1.151198406663015419e+02
2.476103001302904616e+00 7.853969682668744667e+01 1.149159010234034355e+02
3.402560120725487192e+00 7.923612845688515449e+01 1.147742132567159103e+02
4.280059079868737015e+00 7.989575764203630115e+01 1.146947773662389949e+02
5.108599878732654531e+00 8.051858438214087244e+01 1.146775933519727033e+02
5.888182517317239295e+00 8.110460867719886835e+01 1.147226612139169788e+02
6.618806995622490419e+00 8.165383052721026047e+01 1.148299809520718782e+02
7.300473313648410567e+00 8.216624993217507722e+01 1.149995525664373588e+02
7.933181471394995299e+00 8.264186689209330439e+01 1.152313760570134491e+02
8.516931468862249943e+00 8.308068140696497039e+01 1.155254514238001207e+02
9.051723306050169171e+00 8.348269347679004682e+01 1.158817786667974161e+02
9.537556982958758311e+00 8.384790310156853366e+01 1.163003577860053070e+02
9.974432499588012035e+00 8.417631028130043092e+01 1.167811887814237934e+02
1.036234985593793567e+01 8.446791501598575280e+01 1.173242716530528753e+02
1.070130905200852389e+01 8.472271730562449932e+01 1.179296064008925669e+02
1.099131008779978202e+01 8.494071715021665625e+01 1.185971930249428539e+02
