-2.890554999999999986e+00 7.450550200000000700e+01 1.165581179999999932e+02
-2.259753756783971834e+00 7.497968452486256297e+01 1.160758552773064167e+02
-1.617860926043409364e+00 7.546220475836736341e+01 1.156591017169292996e+02
-9.648765077783135746e-01 7.595306270051446518e+01 1.153078573188686846e+02
-3.008005019886844100e-01 7.645225835130382563e+01 1.150221220831246001e+02
3.743670913254780741e-01 7.695979171073545899e+01 1.148018960096970176e+02
1.060626272164174599e+00 7.747566277880935104e+01 1.146471790985858945e+02
1.757977040527404666e+00 7.799987155552551599e+01 1.145579713497912735e+02
2.466419396415167942e+00 7.853241804088395384e+01 1.145342727633131830e+02
3.185953339827465314e+00 7.907330223488469301e+01 1.145760833391515803e+02
3.916578870764295672e+00 7.962252413752764824e+01 1.146834030773064512e+02
4.658295989225660350e+00 8.018008374881290479e+01 1.148562319777778384e+02
5.411104695211556681e+00 8.074598106874042003e+01 1.150945700405657277e+02
6.175004988721989108e+00 8.132021609731020817e+01 1.153984172656701048e+02
6.949996869756953188e+00 8.190278883452228342e+01 1.157677736530909840e+02
7.736080338316452476e+00 8.249369928037661737e+01 1.162026392028283652e+02
8.533255394400482530e+00 8.309294743487321000e+01 1.167030139148822343e+02
9.341522038009049567e+00 8.370053329801208974e+01 1.172688977892526054e+02
1.016088026914214737e+01 8.431645686979324239e+01 1.179002908259394928e+02
1.099133008779978127e+01 8.494071815021665373e+01 1.185971930249428539e+02
-7.410481542613811534e-03 7.356991181328511686e+01 1.156801165212303886e+02
4.695636202123809610e-01 7.407092666769715095e+01 1.152789189322451051e+02
9.578607608968553455e-01 7.458276915240053029e+01 1.149393577800693151e+02
1.457480940510809564e+00 7.510543926739532594e+01 1.146614330647031039e+02
1.968424159054243949e+00 7.563893701268150949e+01 1.144451447861464572e+02
2.490690416527157947e+00 7.618326238825908092e+01 1.142904929443993609e+02
3.024279712929551334e+00 7.673841539412801183e+01 1.141974775394618007e+02
3.569192048261424333e+00 7.730439603028834483e+01 1.141660985713337908e+02
4.125427422522777832e+00 7.788120429674007994e+01 1.141963560400153455e+02
4.692985835713611387e+00 7.846884019348320294e+01 1.142882499455064647e+02
5.271867287833923221e+00 7.906730372051765698e+01 1.144417802878071058e+02
5.862071778883716888e+00 7.967659487784355576e+01 1.146569470669173256e+02
6.463599308862987947e+00 8.029671366546081401e+01 1.149337502828370674e+02
7.076449877771739949e+00 8.092766008336946015e+01 1.152721899355664021e+02
7.700623485609972008e+00 8.156943413156949418e+01 1.156722660251052588e+02
8.336120132377683234e+00 8.222203581006093032e+01 1.161339785514536800e+02
8.982939818074875404e+00 8.288546511884374013e+01 1.166573275146116231e+02
9.641082542701546743e+00 8.355972205791793783e+01 1.172423129145791592e+02
1.031054830625769725e+01 8.424480662728352343e+01 1.178889347513562456e+02
1.099133710874332870e+01 8.494071882694051112e+01 1.185971930249428681e+02
2.732820568669578343e+00 7.280415437373646625e+01 1.150142285747250099e+02
3.069426390321469356e+00 7.332907128734422031e+01 1.146847943629982609e+02
3.416927009316476305e+00 7.386663816308282549e+01 1.144129169610552594e+02
3.775322425654598746e+00 7.441685500095229600e+01 1.141985963688960481e+02
4.144612639335838011e+00 7.497972180095264605e+01 1.140418325865206413e+02
4.524797650360192769e+00 7.555523856308388986e+01 1.139426256139290103e+02
4.915877458727662130e+00 7.614340528734594216e+01 1.139009754511210986e+02
5.317852064438246984e+00 7.674422197373887400e+01 1.139168820980970196e+02
5.730721467491948218e+00 7.735768862226268539e+01 1.139903455548567308e+02
6.154485667888766720e+00 7.798380523291736210e+01 1.141213658214002180e+02
6.589144665628698938e+00 7.862257180570290416e+01 1.143099428977274528e+02
7.034698460711748425e+00 7.927398834061929733e+01 1.145560767838384777e+02
7.491147053137911627e+00 7.993805483766655584e+01 1.148597674797333070e+02
7.958490442907191209e+00 8.061477129684469389e+01 1.152210149854118981e+02
8.436728630019587172e+00 8.130413771815369728e+01 1.156398193008742652e+02
8.925861614475099515e+00 8.200615410159356600e+01 1.161161804261204225e+02
9.425889396273726462e+00 8.272082044716430005e+01 1.166500983611503415e+02
9.936811975415469789e+00 8.344813675486588522e+01 1.172415731059640649e+02
1.045862935190032772e+01 8.418810302469833573e+01 1.178906046605615643e+02
1.099134152572830381e+01 8.494071925666167999e+01 1.185971930249428539e+02
5.330138150636575922e+00 7.220822968135402675e+01 1.145604541604839000e+02
5.539834553543294682e+00 7.275411838380378526e+01 1.142934815695659552e+02
5.759337819215454068e+00 7.331381179041423479e+01 1.140797792598871467e+02
5.988647947653054970e+00 7.388730990118537534e+01 1.139193472314475599e+02
6.227764938856099164e+00 7.447461271611726374e+01 1.138121854842471663e+02
6.476688792824582208e+00 7.507572023520985738e+01 1.137582940182859375e+02
6.735419509558507656e+00 7.569063245846312782e+01 1.137576728335638734e+02
7.003957089057873731e+00 7.631934938587711770e+01 1.138103219300810025e+02
7.282301531322682209e+00 7.696187101745181280e+01 1.139162413078373106e+02
7.570452836352933090e+00 7.761819735318722735e+01 1.140754309668328261e+02
7.868411004148623711e+00 7.828832839308333291e+01 1.142878909070675064e+02
8.176176034709756735e+00 7.897226413714015791e+01 1.145536211285413657e+02
8.493747928036329498e+00 7.967000458535768814e+01 1.148726216312544040e+02
8.821126684128346440e+00 8.038154973773592360e+01 1.152448924152066496e+02
9.158312302985802233e+00 8.110689959427486428e+01 1.156704334803980316e+02
9.505304784608700430e+00 8.184605415497452441e+01 1.161492448268286495e+02
9.862104128997039254e+00 8.259901341983486134e+01 1.166813264544984037e+02
1.022871033615082048e+01 8.336577738885594613e+01 1.172666783634073653e+02
1.060512340607004234e+01 8.414634606203769351e+01 1.179053005535555059e+02
1.099134333875470837e+01 8.494071943938018876e+01 1.185971930249428397e+02
7.784542264358380592e+00 7.178213773613781257e+01 1.143187932785070302e+02
7.880788109877856940e+00 7.234606795707584581e+01 1.141049805519481595e+02
7.985093190593788748e+00 7.292429003439474400e+01 1.139399446765650055e+02
8.097457506506177793e+00 7.351680396809457818e+01 1.138236856523576250e+02
8.217881057615025853e+00 7.412360975817533415e+01 1.137562034793260324e+02
8.346363843920329373e+00 7.474470740463701190e+01 1.137374981574701707e+02
8.482905865422088354e+00 7.538009690747956881e+01 1.137675696867900541e+02
8.627507122120304572e+00 7.602977826670306172e+01 1.138464180672857253e+02
8.780167614014978028e+00 7.669375148230746220e+01 1.139740432989571275e+02
8.940887341106110497e+00 7.737201655429278446e+01 1.141504453818043459e+02
9.109666303393698428e+00 7.806457348265900009e+01 1.143756243158272667e+02
9.286504500877741819e+00 7.877142226740613751e+01 1.146495801010259612e+02
9.471401933558244224e+00 7.949256290853416829e+01 1.149723127374004008e+02
9.664358601435200313e+00 8.022799540604313506e+01 1.153438222249506282e+02
9.865374504508615416e+00 8.097771975993299520e+01 1.157641085636765865e+02
1.007444964277848776e+01 8.174173597020379134e+01 1.162331717535783184e+02
1.029158401624481556e+01 8.252004403685548084e+01 1.167510117946557955e+02
1.051677762490760060e+01 8.331264395988809213e+01 1.173176286869090603e+02
1.075003046876684287e+01 8.411953573930159678e+01 1.179330224303380703e+02
1.099134254782254416e+01 8.494071937509605164e+01 1.185971930249428254e+02
1.009603290983499058e+01 7.152587853808783791e+01 1.142892459287944291e+02
1.009228705932515346e+01 7.210492000716038774e+01 1.141192913101448880e+02
1.009419312345147901e+01 7.269807289502439573e+01 1.139934132110888072e+02
1.010175110221396544e+01 7.330533720167989031e+01 1.139116116316262577e+02
1.011496099561261985e+01 7.392671292712688569e+01 1.138738865717572537e+02
1.013382280364743337e+01 7.456220007136536765e+01 1.138802380314817242e+02
1.015833652631840422e+01 7.521179863439529356e+01 1.139306660107997118e+02
1.018850216362553951e+01 7.587550861621670606e+01 1.140251705097112023e+02
1.022431971556883745e+01 7.655333001682961935e+01 1.141637515282161957e+02
1.026578918214829805e+01 7.724526283623400502e+01 1.143464090663147203e+02
1.031291056336392131e+01 7.795130707442986306e+01 1.145731431240067479e+02
1.036568385921570368e+01 7.867146273141720769e+01 1.148439537012922642e+02
1.042410906970365048e+01 7.940572980719603891e+01 1.151588407981712976e+02
1.048818619482775816e+01 8.015410830176634249e+01 1.155178044146438623e+02
1.055791523458802850e+01 8.091659821512811845e+01 1.159208445507099157e+02
1.063329618898445972e+01 8.169319954728138100e+01 1.163679612063694719e+02
1.071432905801705360e+01 8.248391229822613013e+01 1.168591543816225453e+02
1.080101384168581191e+01 8.328873646796236585e+01 1.173944240764691358e+02
1.089335053999072755e+01 8.410767205649005973e+01 1.179737702909092434e+02
1.099133915293180941e+01 8.494071906380924020e+01 1.185971930249428397e+02
1.226461008706640321e+01 7.143945208720407436e+01 1.144718121113460683e+02
1.217433140188518692e+01 7.203067453405742526e+01 1.143364138441561266e+02
1.208663761778852752e+01 7.263516037230316158e+01 1.142401848634585662e+02
1.200152873477642146e+01 7.325290960194129752e+01 1.141831251692534579e+02
1.191900475284887762e+01 7.388392222297187573e+01 1.141652347615408161e+02
1.183906567200588889e+01 7.452819823539488198e+01 1.141865136403205838e+02
1.176171149224745527e+01 7.518573763921025943e+01 1.142469618055927612e+02
1.168694221357357677e+01 7.585654043441806493e+01 1.143465792573574049e+02
1.161475783598425693e+01 7.654060662101828427e+01 1.144853659956144583e+02
1.154515835947949753e+01 7.723793619901091745e+01 1.146633220203639780e+02
1.147814378405929148e+01 7.794852916839593604e+01 1.148804473316059074e+02
1.141371410972364231e+01 7.867238552917339689e+01 1.151367419293402747e+02
1.135186933647255003e+01 7.940950528134325737e+01 1.154322058135670801e+02
1.129260946430601642e+01 8.015988842490554589e+01 1.157668389842863235e+02
1.123593449322403970e+01 8.092353495986020562e+01 1.161406414414979906e+02
1.118184442322661809e+01 8.170044488620729339e+01 1.165536131852020958e+02
1.113033925431375337e+01 8.249061820394680922e+01 1.170057542153986105e+02
1.108141898648544732e+01 8.329405491307872467e+01 1.174970645320875917e+02
1.103508361974169816e+01 8.411075501360303974e+01 1.180275441352690109e+02
1.099133315408250411e+01 8.494071850551978287e+01 1.185971930249428397e+02
1.427340994334839230e+01 7.152816506093060411e+01 1.148714010811206236e+02
1.410991193467562255e+01 7.212777048247315292e+01 1.147597412038714424e+02
1.394538689209884197e+01 7.273918905995935802e+01 1.146822762366313384e+02
1.377983481561804524e+01 7.336242079338926203e+01 1.146390061794003259e+02
1.361325570523324657e+01 7.399746568276287917e+01 1.146299310321784759e+02
1.344564956094443176e+01 7.464432372808018101e+01 1.146550507949657174e+02
1.327701638275160256e+01 7.530299492934113914e+01 1.147143654677620361e+02
1.310735617065476077e+01 7.597347928654582461e+01 1.148078750505674606e+02
1.293666892465391172e+01 7.665577679969418057e+01 1.149355795433820049e+02
1.276495464474905006e+01 7.734988746878622123e+01 1.150974789462056549e+02
1.259221333094018114e+01 7.805581129382194661e+01 1.152935732590383964e+02
1.241844498322729429e+01 7.877354827480137089e+01 1.155238624818802435e+02
1.224364960161039484e+01 7.950309841172446568e+01 1.157883466147311964e+02
1.206782718608948812e+01 8.024446170459127359e+01 1.160870256575912833e+02
1.189097773666457059e+01 8.099763815340175199e+01 1.164198996104604333e+02
1.171310125333563867e+01 8.176262775815591510e+01 1.167869684733387174e+02
1.153419773610269417e+01 8.253943051885377713e+01 1.171882322462260788e+02
1.135426718496574061e+01 8.332804643549532386e+01 1.176236909291225601e+02
1.117330959992477446e+01 8.412847550808054109e+01 1.180933445220281612e+02
1.099132498097979926e+01 8.494071773660947144e+01 1.185971930249428397e+02
1.589789215225564867e+01 7.186267528025393858e+01 1.155533790228360687e+02
1.567255300978743726e+01 7.245531190833074220e+01 1.154344514718527535e+02
1.544355814749314959e+01 7.305857979972789451e+01 1.153465381750845609e+02
1.521090756537277855e+01 7.367247895444540973e+01 1.152896391325314625e+02
1.497460126342633835e+01 7.429700937248335890e+01 1.152637543441936288e+02
1.473463924165381655e+01 7.493217105384169940e+01 1.152688838100708466e+02
1.449102150005521317e+01 7.557796399852034597e+01 1.153050275301632439e+02
1.424374803863053174e+01 7.623438820651944070e+01 1.153721855044707780e+02
1.399281885737977582e+01 7.690144367783888413e+01 1.154703577329934774e+02
1.373823395630294364e+01 7.757913041247871888e+01 1.155995442157313278e+02
1.347999333540003164e+01 7.826744841043893075e+01 1.157597449526843150e+02
1.321809699467104160e+01 7.896639767171953395e+01 1.159509599438524390e+02
1.295254493411597352e+01 7.967597819632050005e+01 1.161731891892357282e+02
1.268333715373482740e+01 8.039618998424187168e+01 1.164264326888341685e+02
1.241047365352760323e+01 8.112703303548362044e+01 1.167106904426477314e+02
1.213395443349430103e+01 8.186850735004573210e+01 1.170259624506764737e+02
1.185377949363492256e+01 8.262061292792824929e+01 1.173722487129203387e+02
1.156994883394946605e+01 8.338334976913115781e+01 1.177495492293793546e+02
1.128246245443792972e+01 8.415671787365440082e+01 1.181578640000535358e+02
1.099132035510031713e+01 8.494071724149806357e+01 1.185971930249428397e+02
1.706793324575971482e+01 7.246504903290868072e+01 1.165381596574359691e+02
1.679152676239473152e+01 7.303175688302371782e+01 1.163746536675289747e+02
1.651029636675736967e+01 7.360845431785435267e+01 1.162413561406379614e+02
1.622424205884763282e+01 7.419514133740064210e+01 1.161382670767629861e+02
1.593336383866552808e+01 7.479181794166260033e+01 1.160653864759040914e+02
1.563766170621104834e+01 7.539848413064021315e+01 1.160227143380611778e+02
1.533713566148419183e+01 7.601513990433342371e+01 1.160102506632342596e+02
1.503178570448495854e+01 7.664178526274228886e+01 1.160279954514233793e+02
1.472161183521335914e+01 7.727842020586679439e+01 1.160759487026285512e+02
1.440661405366938297e+01 7.792504473370695450e+01 1.161541104168497469e+02
1.408679235985303535e+01 7.858165884626274078e+01 1.162624805940869521e+02
1.376214675376431096e+01 7.924826254353418165e+01 1.164010592343401669e+02
1.343267723540321334e+01 7.992485582552126289e+01 1.165698463376094196e+02
1.309838380476974429e+01 8.061143869222398450e+01 1.167688419038946961e+02
1.275926646186390201e+01 8.130801114364234650e+01 1.169980459331959963e+02
1.241532520668568296e+01 8.201457317977636308e+01 1.172574584255133345e+02
1.206656003923509424e+01 8.273112480062599161e+01 1.175470793808466681e+02
1.171297095951212697e+01 8.345766600619128894e+01 1.178669087991960112e+02
1.135455796751679003e+01 8.419419679647222665e+01 1.182169466805614206e+02
1.099132106324907987e+01 8.494071717146880474e+01 1.185971930249428254e+02
1.778353322386059432e+01 7.333528631889481630e+01 1.178257429849202822e+02
1.746683319249750355e+01 7.385710540655207978e+01 1.175803477909001060e+02
1.714560154989150931e+01 7.438881261433877512e+01 1.173667301332916537e+02
1.681983829604261160e+01 7.493040794225495915e+01 1.171848900120948969e+02
1.648954343095082109e+01 7.548189139030063188e+01 1.170348274273099491e+02
1.615471695461613066e+01 7.604326295847579331e+01 1.169165423789366969e+02
1.581535886703854032e+01 7.661452264678035817e+01 1.168300348669751543e+02
1.547146916821805007e+01 7.719567045521442594e+01 1.167753048914253498e+02
1.512304785815466168e+01 7.778670638377795399e+01 1.167523524522872975e+02
1.477009493684837693e+01 7.838763043247095652e+01 1.167611775495609692e+02
1.441261040429919227e+01 7.899844260129341933e+01 1.168017801832463789e+02
1.405059426050710947e+01 7.961914289024537084e+01 1.168741603533434841e+02
1.368404650547212675e+01 8.024973129932675420e+01 1.169783180598523415e+02
1.331296713919424590e+01 8.089020782853762626e+01 1.171142533027729371e+02
1.293735616167346691e+01 8.154057247787797280e+01 1.172819660821052565e+02
1.255721357290978801e+01 8.220082524734777962e+01 1.174814563978493140e+02
1.217253937290321097e+01 8.287096613694706093e+01 1.177127242500050954e+02
1.178333356165373758e+01 8.355099514667580252e+01 1.179757696385726007e+02
1.138959613916136071e+01 8.424091227653401859e+01 1.182705925635518724e+02
1.099132710542608748e+01 8.494071752652169494e+01 1.185971930249428112e+02
1.807005083946749480e+01 7.445053323261289790e+01 1.193884348098937664e+02
1.772392797676421239e+01 7.491040068594833201e+01 1.190273440291083489e+02
1.737486722686153939e+01 7.538051786680652810e+01 1.187017473012467406e+02
1.702286858975946515e+01 7.586088477518750040e+01 1.184116446263089131e+02
1.666793206545800743e+01 7.635150141109126309e+01 1.181570360042950085e+02
1.631005765395715201e+01 7.685236777451780199e+01 1.179379214352048280e+02
1.594924535525690246e+01 7.736348386546707445e+01 1.177543009190384566e+02
1.558549516935725876e+01 7.788484968393913732e+01 1.176061744557959088e+02
1.521880709625822803e+01 7.841646522993397639e+01 1.174935420454771986e+02
1.484918113595979960e+01 7.895833050345157744e+01 1.174164036880822835e+02
1.447661728846198059e+01 7.951044550449196890e+01 1.173747593836111918e+02
1.410111555376476566e+01 8.007281023305512235e+01 1.173686091320639235e+02
1.372267593186816015e+01 8.064542468914105200e+01 1.173979529334404361e+02
1.334129842277215872e+01 8.122828887274975784e+01 1.174627907877407580e+02
1.295698302647677025e+01 8.182140278388122567e+01 1.175631226949649033e+02
1.256972974298198409e+01 8.242476642253546970e+01 1.176989486551128863e+02
1.217953857228780379e+01 8.303837978871247572e+01 1.178702686681846501e+02
1.178640951439423112e+01 8.366224288241227214e+01 1.180770827341802374e+02
1.139034256930126610e+01 8.429635570363481634e+01 1.183193908530996339e+02
1.099133773700890870e+01 8.494071825238016515e+01 1.185971930249428397e+02
1.814998874903427861e+01 7.561026513768057100e+01 1.209832408468774787e+02
1.778616419966408202e+01 7.600776372200760989e+01 1.205033962342746889e+02
1.742090119481747124e+01 7.641565985389553362e+01 1.200629141937041595e+02
1.705419973449444626e+01 7.683395353334439903e+01 1.196617947251658620e+02
1.668605981869502486e+01 7.726264476035416351e+01 1.193000378286599101e+02
1.631648144741919282e+01 7.770173353492488388e+01 1.189776435041862044e+02
1.594546462066694836e+01 7.815121985705646068e+01 1.186946117517447590e+02
1.557300933843829505e+01 7.861110372674899338e+01 1.184509425713355739e+02
1.519911560073323820e+01 7.908138514400242514e+01 1.182466359629586918e+02
1.482378340755177604e+01 7.956206410881675595e+01 1.180816919266140843e+02
1.444701275889389969e+01 8.005314062119202845e+01 1.179561104623017229e+02
1.406880365475961803e+01 8.055461468112820000e+01 1.178698915700216361e+02
1.368915609514892751e+01 8.106648628862528483e+01 1.178230352497738380e+02
1.330807008006182990e+01 8.158875544368328292e+01 1.178155415015583003e+02
1.292554560949832521e+01 8.212142214630219428e+01 1.178474103253750513e+02
1.254158268345841165e+01 8.266448639648201890e+01 1.179186417212240769e+02
1.215618130194209101e+01 8.321794819422277101e+01 1.180292356891053629e+02
1.176934146494935973e+01 8.378180753952443638e+01 1.181791922290189092e+02
1.138106317248022492e+01 8.435606443238700081e+01 1.183685113409647442e+02
1.099134642453467769e+01 8.494071887281049271e+01 1.185971930249428539e+02
1.807530136874385818e+01 7.676765949013558554e+01 1.225534218800839170e+02
1.770569485249702524e+01 7.710625873048248025e+01 1.219589448870843000e+02
1.733572912035770131e+01 7.745503150427897765e+01 1.214073850520487099e+02
1.696540417232588283e+01 7.781397781152510618e+01 1.208987423749771608e+02
1.659472000840158401e+01 7.818309765222086583e+01 1.204330168558697238e+02
1.622367662858480131e+01 7.856239102636627081e+01 1.200102084947262853e+02
1.585227403287552228e+01 7.895185793396126428e+01 1.196303172915468878e+02
1.548051222127375226e+01 7.935149837500587466e+01 1.192933432463315171e+02
1.510839119377950013e+01 7.976131234950011617e+01 1.189992863590802159e+02
1.473591095039275878e+01 8.018129985744400301e+01 1.187481466297929558e+02
1.436307149111352466e+01 8.061146089883749255e+01 1.185399240584697367e+02
1.398987281594180843e+01 8.105179547368061321e+01 1.183746186451105586e+02
1.361631492487759765e+01 8.150230358197335079e+01 1.182522303897154501e+02
1.324239781792090298e+01 8.196298522371571948e+01 1.181727592922843542e+02
1.286812149507171910e+01 8.243384039890770509e+01 1.181362053528173419e+02
1.249348595633004599e+01 8.291486910754933604e+01 1.181425685713143565e+02
1.211849120169588545e+01 8.340607134964056968e+01 1.181918489477754122e+02
1.174313723116923569e+01 8.390744712518142023e+01 1.182840464822004947e+02
1.136742404475009849e+01 8.441899643417191612e+01 1.184191611745896608e+02
1.099135164243847207e+01 8.494071927661201471e+01 1.185971930249428397e+02
1.784598869859623704e+01 7.792271628997796995e+01 1.240989779095130956e+02
1.748251993526305625e+01 7.820588571137295730e+01 1.233939899875372390e+02
1.711935100348223671e+01 7.849863281795684600e+01 1.227351598762805054e+02
1.675648190325378195e+01 7.880095760972963603e+01 1.221224875757428663e+02
1.639391263457769554e+01 7.911286008669134162e+01 1.215559730859244354e+02
1.603164319745398103e+01 7.943434024884194855e+01 1.210356164068250848e+02
1.566967359188262421e+01 7.976539809618142840e+01 1.205614175384448572e+02
1.530800381786363218e+01 8.010603362870982380e+01 1.201333764807837383e+02
1.494663387539701205e+01 8.045624684642712054e+01 1.197514932338417992e+02
1.458556376448275493e+01 8.081603774933331863e+01 1.194157677976189831e+02
1.422479348512086261e+01 8.118540633742841806e+01 1.191262001721152757e+02
1.386432303731133686e+01 8.156435261071240461e+01 1.188827903573307196e+02
1.350415242105417590e+01 8.195287656918529251e+01 1.186855383532652866e+02
1.314428163634938151e+01 8.235097821284709596e+01 1.185344441599189622e+02
1.278471068319695192e+01 8.275865754169778654e+01 1.184295077772917892e+02
1.242543956159688889e+01 8.317591455573737846e+01 1.183707292053837534e+02
1.206646827154919244e+01 8.360274925496588594e+01 1.183581084441948406e+02
1.170779681305386077e+01 8.403916163938328054e+01 1.183916454937250222e+02
1.134942518611089568e+01 8.448515170898957649e+01 1.184713403539743695e+02
1.099135339072029360e+01 8.494071946378477378e+01 1.185971930249428397e+02
1.746205073859140455e+01 7.907543553720768159e+01 1.256199089351650287e+02
1.711663944796216086e+01 7.930664466467904106e+01 1.248085315356334917e+02
1.677176684419107033e+01 7.954646379492912445e+01 1.240462386663994607e+02
1.642743292727813298e+01 7.979489292795797439e+01 1.233330303274629500e+02
1.608363769722335235e+01 8.005193206376557669e+01 1.226689065188240306e+02
1.574038115402673021e+01 8.031758120235193132e+01 1.220538672404825888e+02
1.539766329768825415e+01 8.059184034371698147e+01 1.214879124924386673e+02
1.505548412820793480e+01 8.087470948786081237e+01 1.209710422746922802e+02
1.471384364558577218e+01 8.116618863478336721e+01 1.205032565872434418e+02
1.437274184982176273e+01 8.146627778448470281e+01 1.200845554300921094e+02
1.403217874091590645e+01 8.177497693696474812e+01 1.197149388032383115e+02
1.369215431886820511e+01 8.209228609222354578e+01 1.193944067066820480e+02
1.335266858367865517e+01 8.241820525026108157e+01 1.191229591404233048e+02
1.301372153534726195e+01 8.275273441107736971e+01 1.189005961044620676e+02
1.267531317387402545e+01 8.309587357467241020e+01 1.187273175987983791e+02
1.233744349925893857e+01 8.344762274104618882e+01 1.186031236234322250e+02
1.200011251150200664e+01 8.380798191019870558e+01 1.185280141783636054e+02
1.166332021060323143e+01 8.417695108212996047e+01 1.185019892635924919e+02
1.132706659656260939e+01 8.455453025683998192e+01 1.185250488791189127e+02
1.099135166938014052e+01 8.494071943432872729e+01 1.185971930249428681e+02
1.692348748872936426e+01 8.022581723182474889e+01 1.271162149570396593e+02
1.660805339059434971e+01 8.040853559040073151e+01 1.262025695313730296e+02
1.629297664248420574e+01 8.059852443519582721e+01 1.253406214224056043e+02
1.597825724439893946e+01 8.079578376621012126e+01 1.245303706301374120e+02
1.566389519633855443e+01 8.100031358344358523e+01 1.237718171545684953e+02
1.534989049830304886e+01 8.121211388689619071e+01 1.230649609956987973e+02
1.503624315029241387e+01 8.143118467656792347e+01 1.224098021535283181e+02
1.472295315230665835e+01 8.165752595245884038e+01 1.218063406280570717e+02
1.441002050434578052e+01 8.189113771456889879e+01 1.212545764192851152e+02
1.409744520640978216e+01 8.213201996289814133e+01 1.207545095272123632e+02
1.378522725849865616e+01 8.238017269744649695e+01 1.203061399518388441e+02
1.347336666061240784e+01 8.263559591821402250e+01 1.199094676931645722e+02
1.316186341275103899e+01 8.289828962520070377e+01 1.195644927511895190e+02
1.285071751491454783e+01 8.316825381840655496e+01 1.192712151259136988e+02
1.253992896710293259e+01 8.344548849783156186e+01 1.190296348173371257e+02
1.222949776931619503e+01 8.372999366347572447e+01 1.188397518254598140e+02
1.191942392155433339e+01 8.402176931533902859e+01 1.187015661502817068e+02
1.160970742381734944e+01 8.432081545342148843e+01 1.186150777918028609e+02
1.130034827610524317e+01 8.462713207772311819e+01 1.185802867500232480e+02
1.099134647841801282e+01 8.494071918824388945e+01 1.185971930249428397e+02
1.623029894901011261e+01 8.137386137382914342e+01 1.285878959751370303e+02
1.595676176315961214e+01 8.151155848853801444e+01 1.275761039747558669e+02
1.568298039836163937e+01 8.165481473875696850e+01 1.266183081442989220e+02
1.540895485461620140e+01 8.180363012448609084e+01 1.257145084837662381e+02
1.513468513192330178e+01 8.195800464572533883e+01 1.248647049931578579e+02
1.486017123028293696e+01 8.211793830247475512e+01 1.240688976724737245e+02
1.458541314969510339e+01 8.228343109473425443e+01 1.233270865217138237e+02
1.431041089015980106e+01 8.245448302250392203e+01 1.226392715408781697e+02
1.403516445167704063e+01 8.263109408578370108e+01 1.220054527299668337e+02
1.375967383424681145e+01 8.281326428457364841e+01 1.214256300889797160e+02
1.348393903786911352e+01 8.300099361887367877e+01 1.208998036179168594e+02
1.320796006254395394e+01 8.319428208868387742e+01 1.204279733167782780e+02
1.293173690827132738e+01 8.339312969400421593e+01 1.200101391855639292e+02
1.265526957505123562e+01 8.359753643483466590e+01 1.196463012242738557e+02
1.237855806288367866e+01 8.380750231117525573e+01 1.193364594329080290e+02
1.210160237176865650e+01 8.402302732302599964e+01 1.190806138114664918e+02
1.182440250170616736e+01 8.424411147038685499e+01 1.188787643599491872e+02
1.154695845269621302e+01 8.447075475325786442e+01 1.187309110783561437e+02
1.126927022473879525e+01 8.470295717163901372e+01 1.186370539666873754e+02
1.099133781783391051e+01 8.494071872553027447e+01 1.185971930249428397e+02
1.538248511943366381e+01 8.251956796322090781e+01 1.300349519894571415e+02
1.516276456565795883e+01 8.261571335909088987e+01 1.289291348657820038e+02
1.494177811182337656e+01 8.271533470561251988e+01 1.278792988320794421e+02
1.471952575792992235e+01 8.281843200278585471e+01 1.268854438883494566e+02
1.449600750397759441e+01 8.292500525061089434e+01 1.259475700345921325e+02
1.427122334996639808e+01 8.303505444908762456e+01 1.250656772708073703e+02
1.404517329589632091e+01 8.314857959821596012e+01 1.242397655969951700e+02
1.381785734176736824e+01 8.326558069799604311e+01 1.234698350131555600e+02
1.358927548757954895e+01 8.338605774842777407e+01 1.227558855192885829e+02
1.335942773333285416e+01 8.351001074951120984e+01 1.220979171153941962e+02
1.312831407902728209e+01 8.363743970124629357e+01 1.214959298014723856e+02
1.289593452466283807e+01 8.376834460363309631e+01 1.209499235775231938e+02
1.266228907023951855e+01 8.390272545667154702e+01 1.204598984435465496e+02
1.242737771575733063e+01 8.404058226036170254e+01 1.200258543995425100e+02
1.219120046121626366e+01 8.418191501470352023e+01 1.196477914455111033e+02
1.195375730661632652e+01 8.432672371969702851e+01 1.193257095814522586e+02
1.171504825195751209e+01 8.447500837534221318e+01 1.190596088073660326e+02
1.147507329723982572e+01 8.462676898163907424e+01 1.188494891232523543e+02
1.123383244246326740e+01 8.478200553858762589e+01 1.186953505291113089e+02
1.099132568762783180e+01 8.494071804618786814e+01 1.185971930249428397e+02
1.438004600000000011e+01 8.366293699999999944e+01 1.314573829999999930e+02
1.422606179808938265e+01 8.372100020205937199e+01 1.302616622044514543e+02
1.406936978286941198e+01 8.378008433576250980e+01 1.291235934857471364e+02
1.390996995434009520e+01 8.384018940110945550e+01 1.280431768438870677e+02
1.374786231250143231e+01 8.390131539810020911e+01 1.270204122788712766e+02
1.358304685735342510e+01 8.396346232673477061e+01 1.260552997906997206e+02
1.341552358889606467e+01 8.402663018701306896e+01 1.251478393793723569e+02
1.324529250712935813e+01 8.409081897893520363e+01 1.242980310448892425e+02
1.307235361205330548e+01 8.415602870250111778e+01 1.235058747872504057e+02
1.289670690366790673e+01 8.422225935771085403e+01 1.227713706064558039e+02
1.271835238197315654e+01 8.428951094456434134e+01 1.220945185025054229e+02
1.253729004696906024e+01 8.435778346306165076e+01 1.214753184753992912e+02
1.235351989865561606e+01 8.442707691320273966e+01 1.209137705251373802e+02
1.216704193703282755e+01 8.449739129498763646e+01 1.204098746517197185e+02
1.197785616210068582e+01 8.456872660841631273e+01 1.199636308551463060e+02
1.178596257385920154e+01 8.464108285348879690e+01 1.195750391354171427e+02
1.159136117230836760e+01 8.471446003020507476e+01 1.192440994925322144e+02
1.139405195744818577e+01 8.478885813856513209e+01 1.189708119264915069e+02
1.119403492927865784e+01 8.486427717856901154e+01 1.187551764372950629e+02
1.099131008779978202e+01 8.494071715021665625e+01 1.185971930249428539e+02
